T:14,51,59

Ax:-3.8473325,-3.8401499,-3.8233905,-3.8473325,-3.8114195,-3.7731123,-3.8401499,-3.830573,-3.7850833,-3.8209963,-3.830573,-3.830573,-3.8688803,-3.8569093,-3.8233905,-3.8090253,-3.806631,-3.8593035,-3.8257847,-3.79466,-3.8377557,-3.8090253,-3.8114195,-3.8616977,-3.8377557,-3.8138137;
Ay:-3.686921,-3.6677673,-3.677344,-3.653402,-3.6438253,-3.6318543,-3.665373,-3.689315,-3.7180457,-3.686921,-3.639037,-3.6581905,-3.627066,-3.6103065,-3.62946,-3.6797383,-3.665373,-3.6988919,-3.7156515,-3.7180457,-3.6964977,-3.6964977,-3.677344,-3.6725557,-3.6964977,-3.7635355;
Az:8.218845,8.228422,8.209269,8.182933,8.252364,8.178144,8.137443,8.173356,8.266729,8.187721,8.271518,8.19251,8.254759,8.187721,8.245182,8.214057,8.233211,8.245182,8.173356,8.264336,8.242787,8.254759,8.170961,8.252364,8.13026,8.180538;
Gx:-0.017956512,-0.012419921,0.0011971008,-0.025139118,0.009726444,0.045789108,-0.023642741,-0.013617022,0.030526072,-0.0070329676,-0.0163105,-0.017357962,-0.055365913,-0.042048167,-0.0068833297,0.0067336923,0.009726444,-0.043394905,-0.009876082,0.020949265,-0.021547815,0.007930793,0.0062847794,-0.042197805,-0.015711948,0.009127894;
Gy:0.019602526,0.043993454,0.043544542,0.07317279,0.08304887,0.09711481,0.06419453,0.04129998,0.015711948,0.049530048,0.095768064,0.076015905,0.10699089,0.122253925,0.102651395,0.0537199,0.06898294,0.037708677,0.027234044,0.028580783,0.049530048,0.050278235,0.07227496,0.079008654,0.055216275,-0.007631518;
Gz:-0.01316811,-0.0020949265,-0.018555064,-0.043394905,0.02558803,-0.04878186,-0.09023148,-0.053570263,0.040551793,-0.038007952,0.045190558,-0.034566287,0.027682956,-0.03935469,0.018555064,-0.012270284,0.007631518,0.020350715,-0.048632223,0.043993454,0.022445641,0.035164837,-0.047135845,0.03606266,-0.08484452,-0.032172084;
Y:-169.82605,-169.82605,-170.75711,-170.45448,-170.45448,-169.12228,-169.03511,-169.03511,-167.7996,-168.43222,-168.43222,-168.48297,-167.0595,-167.0595,-168.13914,-168.1405,-168.1405,-169.07526,-170.86368,-170.86368,-171.22194,-170.74043,-170.74043,-170.7384,-169.02,-169.02,-168.40529,-169.78203,-169.78203,-168.6603,-167.78474,-167.78474,-166.81697,-167.75165,-167.75165,-167.72272,-167.6628,-167.6628,-168.51031,-168.95511,-168.95511,-169.47575,-168.24127,-168.24127,-168.22545,-168.4714,-168.4714,-168.28094,-167.97646,-167.97646,-167.27011,-168.2823,-168.2823,-167.54579,-167.74467,-167.74467,-166.48091,-164.864,-164.864,-162.65408,-163.63365,-163.63365,-162.14226,-161.41463,-161.41463,-161.21513,-162.19969,-162.19969,-162.88121,-162.87915,-162.87915,-163.82034,-164.9608,-164.9608,-165.37047,-164.6591,-164.6591,-165.26733;
P:22.111057,22.111057,22.111057,21.994831,21.994831,21.994831,22.100544,22.100544,22.100544,22.000513,22.000513,22.000513,21.843876,21.843876,21.843876,21.961494,21.961494,21.961494,22.163641,22.163641,22.163641,22.230919,22.230919,22.230919,22.241272,22.241272,22.241272,22.198015,22.198015,22.198015,21.762709,21.762709,21.762709,22.023165,22.023165,22.023165,21.695648,21.695648,21.695648,21.747036,21.747036,21.747036,21.76906,21.76906,21.76906,22.117325,22.117325,22.117325,22.003277,22.003277,22.003277,22.112236,22.112236,22.112236,22.378553,22.378553,22.378553,22.237265,22.237265,22.237265,22.124084,22.124084,22.124084,22.126768,22.126768,22.126768,22.188606,22.188606,22.188606,21.953419,21.953419,21.953419,22.350254,22.350254,22.350254,22.634768,22.634768,22.634768;
R:25.084814,25.084814,25.084814,25.01815,25.01815,25.01815,24.97331,24.97331,24.97331,25.181288,25.181288,25.181288,24.790228,24.790228,24.790228,24.76696,24.76696,24.76696,25.263147,25.263147,25.263147,25.110884,25.110884,25.110884,24.601599,24.601599,24.601599,25.017237,25.017237,25.017237,24.849045,24.849045,24.849045,25.05939,25.05939,25.05939,25.111774,25.111774,25.111774,25.223255,25.223255,25.223255,24.877724,24.877724,24.877724,24.878113,24.878113,24.878113,24.813498,24.813498,24.813498,25.082777,25.082777,25.082777,25.083355,25.083355,25.083355,24.662739,24.662739,24.662739,24.966196,24.966196,24.966196,24.7702,24.7702,24.7702,25.007128,25.007128,25.007128,25.077267,25.077267,25.077267,25.268883,25.268883,25.268883,24.995201,24.995201,24.995201,
T:14,52,00

Ax:-3.7755065,-3.7276225,-3.732411,-3.7156515,-3.7898717,-3.7779007,-3.746776,-3.8353615,-3.7850833,-3.7755065,-3.770718,-3.7755065,-3.7970543,-3.7611413,-3.792266,-3.8138137,-3.804237,-3.7755065,-3.79466,-3.8329673,-3.782689,-3.8401499,-3.8329673,-3.7755065,-3.8257847,-3.8233905;
Ay:-3.6342485,-3.5863645,-3.6342485,-3.6198833,-3.639037,-3.6127007,-3.7491703,-3.7419877,-3.7539587,-3.7180457,-3.7491703,-3.7276225,-3.732411,-3.79466,-3.7755065,-3.7994485,-3.758747,-3.8401499,-3.744382,-3.8138137,-3.8138137,-3.7755065,-3.8233905,-3.8521209,-3.7731123,-3.8688803;
Az:8.254759,8.276306,8.261941,8.264336,8.297854,8.266729,8.228422,8.187721,8.261941,8.206875,8.199692,8.17575,8.089559,8.139837,8.113501,8.190115,8.125472,8.218845,8.235605,8.144626,8.151808,8.137443,8.135049,8.206875,8.151808,8.125472;
Gx:-0.008978256,0.038905777,0.031573534,0.045938745,-0.03007716,-0.018555064,0.011971008,-0.07392098,-0.016460137,-0.0037409402,0.0043394906,0.0019452889,-0.017058687,0.023493104,-0.0038905777,-0.022296004,-0.01062427,0.022146367,0.005686229,-0.029179333,0.025887307,-0.028281508,-0.0163105,0.044592008,-0.0047884034,0.0019452889;
Gy:0.060902506,0.11267712,0.06778584,0.088585466,0.07676409,0.11282676,-0.011522096,0.0163105,0.015562311,0.058807578,0.036511578,0.07227496,0.07870938,0.024839843,0.053869538,0.035314474,0.08215105,0.0070329676,0.11222821,0.042945992,0.046088383,0.088585466,0.042048167,0.018255789,0.100855745,0.004638766;
Gz:-0.011522096,0.011821371,-0.002244564,0.0019452889,0.037858315,0.010923545,-0.022146367,-0.052223526,0.030376434,-0.0199018,-0.021398177,-0.037858315,-0.117615156,-0.06120178,-0.08125322,-7.48188E-4,-0.061501056,0.036661215,0.059106853,-0.03007716,-0.019153614,-0.03007716,-0.029628245,0.046088383,-0.0068833297,-0.031423897;
Y:-169.09824,-169.09824,-169.78485,-168.47215,-168.47215,-168.0013,-168.41798,-168.41798,-167.3252,-166.93121,-166.93121,-165.74777,-166.8386,-166.8386,-166.13457,-166.1221,-166.1221,-166.18787,-166.55832,-166.55832,-166.9401,-168.89456,-168.89456,-168.79683,-167.16084,-167.16084,-166.60924,-166.85959,-166.85959,-166.98405,-167.09862,-167.09862,-168.05202,-168.32172,-168.32172,-169.95221,-171.33165,-171.33165,-173.001,-171.91135,-171.91135,-172.11124,-172.9414,-172.9414,-171.89941,-171.59467,-171.59467,-170.9729,-171.34152,-171.34152,-171.16273,-169.90166,-169.90166,-169.55762,-169.4371,-169.4371,-169.39859,-171.31195,-171.31195,-171.84915,-170.77432,-170.77432,-171.05826,-172.28534,-172.28534,-171.35359,-171.37228,-171.37228,-169.46782,-167.61218,-167.61218,-166.46162,-167.74506,-167.74506,-167.49559,-168.11977,-168.11977,-167.98897;
P:21.819744,21.819744,21.819744,21.559147,21.559147,21.559147,21.844372,21.844372,21.844372,21.776354,21.776354,21.776354,21.747742,21.747742,21.747742,21.676691,21.676691,21.676691,22.522377,22.522377,22.522377,22.483093,22.483093,22.483093,22.444576,22.444576,22.444576,22.370905,22.370905,22.370905,22.558676,22.558676,22.558676,22.48621,22.48621,22.48621,22.668615,22.668615,22.668615,22.937643,22.937643,22.937643,22.858395,22.858395,22.858395,22.80901,22.80901,22.80901,22.731018,22.731018,22.731018,23.005188,23.005188,23.005188,22.437325,22.437325,22.437325,22.961771,22.961771,22.961771,22.995611,22.995611,22.995611,22.762535,22.762535,22.762535,23.033293,23.033293,23.033293,23.094273,23.094273,23.094273,22.733955,22.733955,22.733955,23.307817,23.307817,23.307817;
R:24.578093,24.578093,24.578093,24.246653,24.246653,24.246653,24.31153,24.31153,24.31153,24.20872,24.20872,24.20872,24.54756,24.54756,24.54756,24.56043,24.56043,24.56043,24.481941,24.481941,24.481941,25.099728,25.099728,25.099728,24.614168,24.614168,24.614168,24.704414,24.704414,24.704414,24.695856,24.695856,24.695856,24.787176,24.787176,24.787176,25.144289,25.144289,25.144289,24.800049,24.800049,24.800049,25.051477,25.051477,25.051477,24.969542,24.969542,24.969542,25.088362,25.088362,25.088362,24.67272,24.67272,24.67272,24.738491,24.738491,24.738491,25.20229,25.20229,25.20229,24.892748,24.892748,24.892748,25.26315,25.26315,25.26315,25.22827,25.22827,25.22827,24.704414,24.704414,24.704414,25.141478,25.141478,25.141478,25.19904,25.19904,25.19904,
T:14,52,00

Ax:-4.2495584,-4.352509,-4.632631,-4.752341,-4.781071,-4.7691,-4.8457146,-4.7714944,-4.872051,-4.994155,-4.824167,-4.6302366,-4.656573,-4.8074074,-4.7020626,-4.7020626,-4.62066,-4.57517,-4.532074,-4.508132,-4.4889784,-4.436306,-4.4195466,-4.462642,-4.4434886,-4.433912;
Ay:-3.452289,-4.2974424,-4.4434886,-4.3453264,-4.457854,-4.390816,-4.4051814,-4.4650364,-4.1801267,-4.2735004,-4.3477206,-4.6182656,-4.4794016,-4.520103,-4.6302366,-4.6517844,-4.6158714,-4.685303,-4.793042,-4.7858596,-4.7714944,-4.8193784,-4.781071,-4.828955,-4.924723,-4.9031754;
Az:7.8836575,7.7328224,7.3760867,7.3042603,7.2970777,7.380875,7.356933,7.3353853,7.2372227,7.1486373,7.301866,7.4694605,7.3258085,7.206098,7.194127,7.206098,7.2444053,7.1414547,7.253982,7.1989155,7.3042603,7.2563763,7.1725793,7.2946835,7.227646,7.1127243;
Gx:0.09831191,0.047135845,-0.15786767,-0.17642274,-0.11686697,-0.049829323,-0.091578215,0.011522096,-0.06015432,-0.1551742,0.012270284,0.17402853,0.10519524,-0.06928221,0.0175076,-0.010175358,0.038456865,0.049530048,0.05955577,0.046986207,0.036661215,0.06778584,0.07107786,0.01690905,0.020949265,0.015113398;
Gy:0.5624878,-0.21218613,-0.21428105,-0.014215573,-0.08020575,0.020201078,0.0073322426,-0.054767363,0.22310968,0.12120646,0.06838439,-0.16086042,0.0350152,0.040551793,-0.039504327,-0.019003976,0.063296705,0.03067571,-0.039653964,0.0053869537,0.050727148,0.025438393,0.08783727,0.061501056,-0.011522096,0.033518825;
Gz:0.063895255,-0.021098902,-0.25677812,-0.21054012,-0.13617022,0.0023942017,0.0017956513,-0.0023942017,-0.085891984,-0.16175826,0.0026934769,0.17417817,0.037708677,-0.068534024,-0.07377134,-0.052971713,-0.006135142,-0.107140526,0.008828619,-0.04444237,0.06299743,0.01690905,-0.05925649,0.07047931,0.009576807,-0.09876082;
Y:-169.97964,-169.97964,-168.37436,-174.29431,-174.29431,-173.0802,178.6341,178.6341,178.98482,176.22482,176.22482,176.56194,176.11485,176.11485,178.10663,179.17204,179.17204,-177.4614,-178.99051,-178.99051,-176.5873,-175.70091,-175.70091,-174.51506,-176.96237,-176.96237,-176.1931,-179.37749,-179.37749,-179.09998,-174.52737,-174.52737,-173.86035,-169.47673,-169.47673,-168.168,-169.82565,-169.82565,-168.3925,-172.34207,-172.34207,-171.21614,-169.95386,-169.95386,-169.26506,-169.18092,-169.18092,-168.95128,-167.12405,-167.12405,-167.1506,-167.87753,-167.87753,-167.9002,-166.32942,-166.32942,-166.53178,-166.77164,-166.77164,-167.38474,-165.92282,-165.92282,-166.73267,-166.63762,-166.63762,-167.68614,-168.22319,-168.22319,-169.24051,-168.70349,-168.70349,-169.0174,-169.66005,-169.66005,-169.51088,-170.5286,-170.5286,-170.37627;
P:21.080164,21.080164,21.080164,25.840672,25.840672,25.840672,27.028248,27.028248,27.028248,26.50314,26.50314,26.50314,27.066793,27.066793,27.066793,26.549528,26.549528,26.549528,26.567574,26.567574,26.567574,27.032862,27.032862,27.032862,25.600637,25.600637,25.600637,26.107641,26.107641,26.107641,26.417894,26.417894,26.417894,27.722347,27.722347,27.722347,27.295097,27.295097,27.295097,27.55559,27.55559,27.55559,28.3134,28.3134,28.3134,28.396671,28.396671,28.396671,28.244452,28.244452,28.244452,28.91745,28.91745,28.91745,29.264946,29.264946,29.264946,29.398718,29.398718,29.398718,29.097971,29.097971,29.097971,29.538027,29.538027,29.538027,29.574718,29.574718,29.574718,29.453125,29.453125,29.453125,30.13306,30.13306,30.13306,30.327467,30.327467,30.327467;
R:28.32617,28.32617,28.32617,29.373491,29.373491,29.373491,32.131317,32.131317,32.131317,33.04907,33.04907,33.04907,33.23296,33.23296,33.23296,32.868237,32.868237,32.868237,33.371284,33.371284,33.371284,33.04305,33.04305,33.04305,33.94818,33.94818,33.94818,34.93878,34.93878,34.93878,33.45178,33.45178,33.45178,31.79432,31.79432,31.79432,32.44165,32.44165,32.44165,33.70846,33.70846,33.70846,33.168526,33.168526,33.168526,33.124916,33.124916,33.124916,32.53073,32.53073,32.53073,32.64564,32.64564,32.64564,31.995926,31.995926,31.995926,32.05578,32.05578,32.05578,31.573631,31.573631,31.573631,31.440222,31.440222,31.440222,31.640236,31.640236,31.640236,31.456894,31.456894,31.456894,31.582808,31.582808,31.582808,31.938484,31.938484,31.938484,
T:14,52,00

Ax:-4.400393,-4.400393,-4.4075756,-4.469825,-4.445883,-4.5153146,-4.462642,-4.400393,-4.342932,-4.388422,-4.3692684,-4.314202,-4.388422,-4.374057,-4.402787,-4.362086,-4.3357496,-4.412364,-4.3692684,-4.4075756,-4.412364,-4.3237786,-4.3572974,-4.436306,-4.498555;
Ay:-4.7595234,-4.8337436,-5.1282306,-4.7260046,-4.9510593,-5.020491,-4.8696566,-4.9390883,-4.9558477,-4.9414825,-4.960636,-4.9295115,-4.8912044,-4.9055696,-4.9199347,-4.922329,-4.781071,-4.900781,-4.836138,-4.886416,-4.7858596,-4.781071,-4.781071,-4.646996,-4.682909;
Az:7.4311533,7.2372227,7.182156,7.251588,7.287501,7.1534257,7.2084923,7.299472,7.146243,7.1773677,7.2803183,7.2563763,7.179762,7.2204633,7.1510315,7.2922893,7.2228575,7.2467995,7.2922893,7.2444053,7.323414,7.402423,7.36651,7.332991,7.392846;
Gx:0.03995324,0.031423897,0.019452889,-0.041150343,-0.0175076,-0.09442133,-0.045789108,0.010175358,0.057311203,0.004040215,0.018405426,0.067336924,-0.011372458,0.0020949265,-0.028281508,0.01062427,0.034117375,-0.040851068,0.004938041,-0.031573534,-0.0362123,0.049081136,0.015562311,-0.053570263,-0.09322423;
Gy:0.19707273,0.1340753,-0.15726912,0.25483283,0.025288755,-0.04504092,0.111180745,0.049230773,0.032920275,0.049530048,0.026934769,0.055365913,0.086490534,0.06778584,0.053420626,0.043394905,0.1726818,0.034566287,0.08559271,0.013766659,0.09307459,0.07287352,0.041748893,0.13841479,0.047734395;
Gz:0.22804771,0.036361936,-0.019452889,0.057909753,0.09053075,-0.04878186,0.0074818805,0.09980828,-0.05940613,-0.031423897,0.066139825,0.036661215,-0.047584757,-0.0104746325,-0.08080431,0.054019175,-0.025288755,-0.012868834,0.02498948,-0.036361936,0.028431145,0.08888474,0.03232172,-0.019602526,0.018255789;
Y:-166.06349,-166.06349,-165.64095,-167.97485,-167.97485,-167.00601,-168.46573,-168.46573,-167.6222,-166.62312,-166.62312,-165.93295,-165.91707,-165.91707,-165.06247,-167.74973,-167.74973,-167.50974,-165.653,-165.653,-166.39392,-164.70615,-164.70615,-164.97893,-165.8713,-165.8713,-165.00774,-165.26538,-165.26538,-164.33157,-162.99701,-162.99701,-162.59216,-161.95668,-161.95668,-162.0336,-163.81439,-163.81439,-164.43513,-163.82802,-163.82802,-164.72668,-165.92172,-165.92172,-166.6049,-164.58258,-164.58258,-165.10867,-165.01674,-165.01674,-165.33647,-166.50984,-166.50984,-166.9184,-165.65543,-165.65543,-166.84325,-168.02724,-168.02724,-169.95836,-168.96593,-168.96593,-170.86732,-168.69856,-168.69856,-170.07936,-170.9695,-170.9695,-171.27794,-172.62265,-172.62265,-171.16133,-171.56525,-171.56525,-170.02426;
P:28.85949,28.85949,28.85949,29.712976,29.712976,29.712976,31.323261,31.323261,31.323261,29.021204,29.021204,29.021204,30.112886,30.112886,30.112886,30.688648,30.688648,30.688648,29.872334,29.872334,29.872334,30.091621,30.091621,30.091621,30.652428,30.652428,30.652428,30.429401,30.429401,30.429401,30.295061,30.295061,30.295061,30.281815,30.281815,30.281815,30.168095,30.168095,30.168095,30.160465,30.160465,30.160465,30.364552,30.364552,30.364552,30.082722,30.082722,30.082722,29.576433,29.576433,29.576433,30.011698,30.011698,30.011698,29.634968,29.634968,29.634968,29.952156,29.952156,29.952156,29.2381,29.2381,29.2381,29.14884,29.14884,29.14884,29.188625,29.188625,29.188625,28.466898,28.466898,28.466898,28.419083,28.419083,28.419083;
R:30.632101,30.632101,30.632101,31.300537,31.300537,31.300537,31.536783,31.536783,31.536783,31.649372,31.649372,31.649372,31.386099,31.386099,31.386099,32.260532,32.260532,32.260532,31.760872,31.760872,31.760872,31.083136,31.083136,31.083136,31.28799,31.28799,31.28799,31.442656,31.442656,31.442656,30.969994,30.969994,30.969994,30.73315,30.73315,30.73315,31.434156,31.434156,31.434156,31.206902,31.206902,31.206902,31.620008,31.620008,31.620008,30.886929,30.886929,30.886929,30.975626,30.975626,30.975626,31.33601,31.33601,31.33601,30.928473,30.928473,30.928473,31.31679,31.31679,31.31679,31.069004,31.069004,31.069004,30.289335,30.289335,30.289335,30.604353,30.604353,30.604353,31.173061,31.173061,31.173061,31.32056,31.32056,31.32056,
T:14,52,00

Ax:-3.806631,-3.782689,-3.7874775,-3.804237,-3.8353615,-3.8018427,-3.782689,-3.7970543,-3.816208,-3.7659297,-3.8138137,-3.7515645,-3.792266,-3.7539587,-3.7874775,-3.7898717,-3.734805,-3.7659297,-3.782689,-3.7180457,-3.7491703,-3.72044,-3.782689,-3.7419877,-3.8018427;
Ay:-3.7371993,-3.756353,-3.734805,-3.6941035,-3.6581905,-3.6605847,-3.7300167,-3.7539587,-3.7395935,-3.7180457,-3.7371993,-3.744382,-3.7491703,-3.7419877,-3.768324,-3.782689,-3.710863,-3.732411,-3.7300167,-3.7156515,-3.7060745,-3.7300167,-3.7395935,-3.6557963,-3.6821325;
Az:8.19251,8.199692,8.206875,8.211663,8.190115,8.027309,8.214057,8.194903,8.168568,8.211663,8.194903,8.166173,8.127866,8.206875,8.166173,8.187721,8.29546,8.24997,8.151808,8.240394,8.24997,8.269124,8.158991,8.223634,8.269124;
Gx:0.01436521,0.035164837,0.026934769,0.00808043,-0.023642741,0.009726444,0.027533319,0.009726444,-0.012419921,0.03561375,-0.01810615,0.039504327,-0.006135142,0.029777884,-0.008978256,-0.01616086,0.0350152,0.0028431145,-0.012569559,0.051475335,0.018255789,0.046387658,-0.017058687,0.02498948,-0.03321955;
Gy:0.029478608,0.015711948,0.04309563,0.09083003,0.1273416,0.12659341,0.06434417,0.05057751,0.06958149,0.0899322,0.06823475,0.05746084,0.050427873,0.05626374,0.030526072,0.013617022,0.08080431,0.05057751,0.047884032,0.058807578,0.06434417,0.035314474,0.024540568,0.1050456,0.07347207;
Gz:-0.01616086,-0.007930793,2.992752E-4,0.0073322426,-0.014215573,-0.17627311,0.01316811,-0.0028431145,-0.028431145,0.013018472,-0.007631518,-0.040252518,-0.08185177,-0.004489128,-0.047285482,-0.029179333,0.07466917,0.024690205,-0.07526772,0.011522096,0.018255789,0.034865562,-0.07646482,-0.012569559,0.031124622;
Y:-164.88159,-164.88159,-166.06868,-165.6435,-165.6435,-166.45178,-166.37881,-166.37881,-166.39531,-166.48158,-166.48158,-166.11522,-166.73166,-166.73166,-166.1979,-167.25424,-167.25424,-166.61993,-164.67654,-164.67654,-164.11787,-164.68365,-164.68365,-164.87662,-165.44762,-165.44762,-166.84526,-165.31573,-165.31573,-167.1022,-168.29843,-168.29843,-169.15758,-168.25406,-168.25406,-167.90034,-169.18356,-169.18356,-168.51099,-166.80797,-166.80797,-166.26459,-167.47198,-167.47198,-166.77722,-166.65492,-166.65492,-166.3986,-163.99773,-163.99773,-164.73831,-165.8458,-165.8458,-166.99223,-168.27676,-168.27676,-169.00673,-166.84576,-166.84576,-167.34756,-167.80478,-167.80478,-168.9627,-168.28445,-168.28445,-169.77972,-172.2118,-172.2118,-172.6705,-170.94312,-170.94312,-169.98595,-170.78244,-170.78244,-169.93935;
P:22.47466,22.47466,22.47466,22.586277,22.586277,22.586277,22.450531,22.450531,22.450531,22.204565,22.204565,22.204565,22.023474,22.023474,22.023474,22.398054,22.398054,22.398054,22.414503,22.414503,22.414503,22.569544,22.569544,22.569544,22.52727,22.52727,22.52727,22.370115,22.370115,22.370115,22.463017,22.463017,22.463017,22.61947,22.61947,22.61947,22.685558,22.685558,22.685558,22.520798,22.520798,22.520798,22.715239,22.715239,22.715239,22.74635,22.74635,22.74635,22.190641,22.190641,22.190641,22.370272,22.370272,22.370272,22.541372,22.541372,22.541372,22.343025,22.343025,22.343025,22.243214,22.243214,22.243214,22.360294,22.360294,22.360294,22.578714,22.578714,22.578714,22.029612,22.029612,22.029612,22.027035,22.027035,22.027035;
R:24.921831,24.921831,24.921831,24.764862,24.764862,24.764862,24.77335,24.77335,24.77335,24.856987,24.856987,24.856987,25.093296,25.093296,25.093296,25.34287,25.34287,25.34287,24.726738,24.726738,24.726738,24.860336,24.860336,24.860336,25.041136,25.041136,25.041136,24.636541,24.636541,24.636541,24.956726,24.956726,24.956726,24.674192,24.674192,24.674192,25.01262,25.01262,25.01262,24.580132,24.580132,24.580132,24.88191,24.88191,24.88191,24.838125,24.838125,24.838125,24.23836,24.23836,24.23836,24.535654,24.535654,24.535654,24.892748,24.892748,24.892748,24.28478,24.28478,24.28478,24.439257,24.439257,24.439257,24.223907,24.223907,24.223907,24.873486,24.873486,24.873486,24.466888,24.466888,24.466888,24.691254,24.691254,24.691254,
T:14,52,01

Ax:-3.8377557,-3.866486,-3.806631,-3.8688803,-3.878457,-3.8473325,-3.8449383,-3.7970543,-3.8593035,-3.842544,-3.9790137,-3.8138137,-3.8736687,-3.8616977,-4.0173206,-3.9407063,-3.95986,-4.024503,-3.9766195,-4.1059065,-4.2280107,-4.230405,-4.2495584,-4.3357496,-4.292654;
Ay:-3.7755065,-3.8736687,-3.804237,-3.8090253,-3.7994485,-3.8616977,-3.8521209,-3.8090253,-3.8138137,-3.9095817,-3.780295,-3.8401499,-3.8640919,-4.1418195,-4.086753,-4.0532336,-4.024503,-4.03408,-4.077176,-4.048445,-3.969437,-4.03408,-3.9311295,-3.8377557,-3.8233905;
Az:8.17575,8.149414,8.180538,8.17575,8.063223,8.113501,8.158991,8.123077,8.108712,8.065617,8.051251,8.103924,8.060828,8.05604,7.989002,8.027309,7.9219646,8.034492,8.024915,8.044068,7.740005,7.802254,7.9052052,7.773524,7.778312;
Gx:-0.008678981,-0.03606266,0.026186582,-0.03247136,-0.03815759,-0.004189853,0.004938041,0.06015432,0.0019452889,0.02439093,-0.10459669,0.07212532,0.0104746325,0.032172084,-0.10354923,-0.0010474633,-0.0017956513,-0.03696049,0.034566287,-0.058957215,-0.1213561,-0.058209028,-0.028281508,-0.0712275,0.016011223;
Gy:0.10414778,0.0074818805,0.07885902,0.07392098,0.08664017,0.030226797,0.04623802,0.090979666,0.08678981,-5.985504E-4,0.13631986,0.084096335,0.08933365,-0.14859015,-0.045190558,0.008828619,0.037858315,0.042796355,0.017357962,0.048033673,0.109534726,0.023642741,0.10908581,0.1830068,0.18659809;
Gz:0.023642741,-0.0013467384,0.03172317,0.02873042,-0.080505036,-0.026036944,0.02558803,-0.005985504,-0.01810615,-0.054617725,-0.061650693,1.496376E-4,-0.029628245,-0.010025719,-0.043394905,0.017956512,-0.07811083,0.05641338,0.06778584,0.106093064,-0.17627311,-0.09068039,0.029478608,-0.08888474,-0.065541275;
Y:-167.35443,-167.35443,-167.22562,-168.40732,-168.40732,-168.39021,-166.74303,-166.74303,-167.06287,-168.24222,-168.24222,-168.73166,-170.0163,-170.0163,-171.17632,-170.27483,-170.27483,-172.2004,-171.692,-171.692,-173.5657,-172.95255,-172.95255,-173.99608,-175.25464,-175.25464,-175.04794,-175.27142,-175.27142,-174.16379,-176.55934,-176.55934,-175.38457,-172.0299,-172.0299,-170.91936,-172.43745,-172.43745,-170.83197,-171.34047,-171.34047,-170.00822,-173.17787,-173.17787,-173.17293,-171.36688,-171.36688,-172.39494,-173.72542,-173.72542,-174.80986,-174.89285,-174.89285,-175.12918,-174.38101,-174.38101,-173.50676,-175.7875,-175.7875,-174.4905,179.77812,179.77812,-178.65604,-178.05212,-178.05212,-176.44724,-175.5413,-175.5413,-173.84032,-176.94682,-176.94682,-175.35875,-174.4256,-174.4256,-173.24681;
P:22.686354,22.686354,22.686354,23.240974,23.240974,23.240974,22.861406,22.861406,22.861406,22.837017,22.837017,22.837017,23.00789,23.00789,23.00789,23.270538,23.270538,23.270538,23.126585,23.126585,23.126585,23.01559,23.01559,23.01559,23.010328,23.010328,23.010328,23.634138,23.634138,23.634138,22.827671,22.827671,22.827671,23.207525,23.207525,23.207525,23.367556,23.367556,23.367556,24.873058,24.873058,24.873058,24.561277,24.561277,24.561277,24.382847,24.382847,24.382847,24.437576,24.437576,24.437576,24.176517,24.176517,24.176517,24.476795,24.476795,24.476795,24.145031,24.145031,24.145031,24.231297,24.231297,24.231297,24.44309,24.44309,24.44309,23.653793,23.653793,23.653793,23.323961,23.323961,23.323961,23.285036,23.285036,23.285036;
R:25.145697,25.145697,25.145697,25.381983,25.381983,25.381983,24.953863,24.953863,24.953863,25.324175,25.324175,25.324175,25.687826,25.687826,25.687826,25.369791,25.369791,25.369791,25.232237,25.232237,25.232237,25.053284,25.053284,25.053284,25.451893,25.451893,25.451893,25.47362,25.47362,25.47362,26.29907,26.29907,26.29907,25.202295,25.202295,25.202295,25.66683,25.66683,25.66683,25.610931,25.610931,25.610931,26.69583,26.69583,26.69583,26.147,26.147,26.147,26.558558,26.558558,26.558558,26.60644,26.60644,26.60644,26.359987,26.359987,26.359987,27.040977,27.040977,27.040977,28.645761,28.645761,28.645761,28.466677,28.466677,28.466677,28.260902,28.260902,28.260902,29.150967,29.150967,29.150967,28.893196,28.893196,28.893196,
T:14,52,01

Ax:-4.460248,-4.4674306,-4.522497,-5.0923176,-5.063587,-6.0619693,-5.9973254,-7.0076785,-6.820931,-6.5982704,-6.1266127,-6.2104096,-5.8536735,-5.4275055,-4.6302366,-4.709245,-4.4650364,-4.520103,-3.6342485,-3.579182,-3.9407063,-5.0372505,-4.5919294,-6.0859113,-7.414693,-8.475325;
Ay:-4.613477,-4.448277,-4.469825,-3.9239469,-4.7954364,-5.609465,-4.8959928,-5.2359695,-5.3556795,-5.3556795,-4.948665,-3.79466,-3.9981673,-4.242376,-4.2974424,-4.9797897,-4.4650364,-4.680515,-3.95986,-3.7132573,-4.52968,-4.86008,-3.9814079,-3.62946,-2.5400984,-2.7196634;
Az:7.488614,7.728034,7.9794254,7.809437,7.620295,7.522133,7.1893387,6.583606,7.062446,6.3537626,7.658602,6.30109,4.9866734,5.9826612,5.9994206,5.8342204,6.7631707,6.5812116,7.2707415,5.719299,5.4032645,8.846127,7.414394,6.6674027,6.8373914,6.133496;
Gx:-0.03127426,-0.016011223,-0.046986207,-0.5755062,-0.46252984,-1.3720272,-1.24289,-2.1935377,-2.0901382,-2.008885,-1.635539,-1.7742531,-1.4872482,-1.1203368,-0.28086978,-0.17537527,0.3528455,0.62937576,1.877952,2.2828712,2.285116,1.5996261,2.4610896,1.3449428,0.3333926,-0.46342766;
Gy:0.057909753,0.15472528,0.051026423,0.5033809,-0.5054758,-1.4252982,-0.80819273,-1.2156559,-1.0969933,-0.8285434,-0.2765303,0.81402856,0.15981296,-0.30645782,-0.08484452,-0.4997896,0.06239888,-0.3119944,0.29912558,0.4878186,-0.44397476,-0.66738373,0.374094,0.4743512,1.1354501,0.6983587;
Gz:0.090381116,0.30047232,0.5161001,0.31498715,0.09726445,-0.005686229,-0.35090017,-0.95513684,-0.39773676,-1.0363901,0.2983774,-1.1320084,-2.7473464,-1.8994998,-1.7146974,-1.6186299,-0.4798878,-0.5300164,0.36795887,-0.9258079,-0.9777321,2.96881,2.1746833,1.7570448,2.0804117,1.6280571;
Y:-168.2257,-168.2257,-167.64435,-164.59148,-164.59148,-164.14642,-162.29895,-162.29895,-161.92088,-171.58548,-171.58548,-171.29268,-174.97757,-174.97757,-175.02892,169.87785,169.87785,169.16292,164.8685,164.8685,164.33702,147.54065,147.54065,147.72806,154.23601,154.23601,153.79147,150.8613,150.8613,148.72995,164.65009,164.65009,158.48027,132.8323,132.8323,118.33205,120.69723,120.69723,107.02793,118.57355,118.57355,97.97119,109.607216,109.607216,89.69504,99.45191,99.45191,86.1329,78.83599,78.83599,73.42185,75.244255,75.244255,71.88398,68.44775,68.44775,68.10143,69.803856,69.803856,69.237,72.269264,72.269264,71.68038,65.99145,65.99145,64.13722,63.212364,63.212364,59.861183,58.064045,58.064045,53.93046,50.14102,50.14102,45.62551,46.928013,46.928013,43.558567;
P:27.892075,27.892075,27.892075,26.488396,26.488396,26.488396,25.981718,25.981718,25.981718,22.825603,22.825603,22.825603,27.660574,27.660574,27.660574,30.141392,30.141392,30.141392,27.606968,27.606968,27.606968,28.570644,28.570644,28.570644,28.611025,28.611025,28.611025,30.313745,30.313745,30.313745,26.774282,26.774282,26.774282,23.215021,23.215021,23.215021,27.471455,27.471455,27.471455,27.708128,27.708128,27.708128,29.556038,29.556038,29.556038,33.591236,33.591236,33.591236,28.852905,28.852905,28.852905,30.380514,30.380514,30.380514,25.97356,25.97356,25.97356,28.826777,28.826777,28.826777,34.110645,34.110645,34.110645,25.520975,25.520975,25.520975,24.537718,24.537718,24.537718,21.902727,21.902727,21.902727,14.135626,14.135626,14.135626,14.572036,14.572036,14.572036;
R:30.778193,30.778193,30.778193,30.031395,30.031395,30.031395,29.543253,29.543253,29.543253,33.107258,33.107258,33.107258,33.603523,33.603523,33.603523,38.864796,38.864796,38.864796,39.834766,39.834766,39.834766,46.787155,46.787155,46.787155,44.00338,44.00338,44.00338,46.0815,46.0815,46.0815,38.658585,38.658585,38.658585,44.584743,44.584743,44.584743,49.572723,49.572723,49.572723,42.2145,42.2145,42.2145,37.660263,37.660263,37.660263,38.909653,38.909653,38.909653,33.432743,33.432743,33.432743,34.482033,34.482033,34.482033,26.557974,26.557974,26.557974,32.03865,32.03865,32.03865,36.104,36.104,36.104,29.658487,29.658487,29.658487,31.771025,31.771025,31.771025,42.38939,42.38939,42.38939,47.31958,47.31958,47.31958,54.107166,54.107166,54.107166,
T:14,52,02

Ax:-3.7252283,-3.7850833,-3.770718,-3.782689,-3.7635355,-3.7659297,-3.7779007,-3.780295,-3.804237,-3.770718,-3.7994485,-3.7874775,-3.7755065,-3.782689,-3.804237,-3.7779007,-3.8114195,-3.7994485,-3.8257847,-3.792266,-3.79466,-3.756353,-3.7874775,-3.7970543,-3.8114195,-3.782689;
Ay:-3.7300167,-3.6366427,-3.7036803,-3.7539587,-3.6988919,-3.6941035,-3.6557963,-3.6701615,-3.6438253,-3.6845267,-3.6103065,-3.6462195,-3.686921,-3.6462195,-3.6007297,-3.5863645,-3.603124,-3.5648167,-3.6222775,-3.5265095,-3.6462195,-3.615095,-3.569605,-3.615095,-3.593547,-3.5719993;
Az:8.240394,8.194903,8.257153,8.259547,8.22124,8.214057,8.202086,8.254759,8.257153,8.302643,8.223634,8.276306,8.271518,8.237999,8.269124,8.214057,8.209269,8.245182,8.230817,8.237999,8.276306,8.259547,8.269124,8.22124,8.247576,8.20448;
Gx:0.043394905,-0.01690905,4.4891282E-4,-0.009277532,0.011522096,0.011522096,0.0017956513,0.0023942017,-0.018704701,0.0163105,-0.011971008,0.0011971008,0.010324995,0.0025438394,-0.017657237,0.011073183,-0.022894554,-0.008230069,-0.03247136,0.0026934769,0.0010474633,0.038007952,0.005087679,-0.006135142,-0.021996727,0.006434417;
Gy:0.025139118,0.12030864,0.051475335,0.0043394906,0.05955577,0.06060323,0.093972415,0.07451953,0.09427169,0.046986207,0.112976395,0.069132574,0.024091655,0.058358666,0.0935235,0.097414084,0.075417355,0.108936176,0.04444237,0.13721769,0.016759412,0.05267244,0.10070611,0.055066638,0.07811083,0.10220248;
Gz:0.0023942017,-0.042646717,0.020201078,0.02498948,-0.012419921,-0.020201078,-0.033369187,0.018255789,0.019003976,0.062249243,-0.020350715,0.02932897,0.02124854,-0.015412673,0.011671733,-0.04683657,-0.05431845,-0.019153614,-0.035763387,-0.029179333,0.009127894,-0.005985504,0.0037409402,-0.044891283,-0.018555064,-0.06075287;
Y:-168.90437,-168.90437,-168.32257,-169.66379,-169.66379,-168.32655,-167.62645,-167.62645,-165.95004,-166.37982,-166.37982,-164.9932,-164.77985,-164.77985,-164.77719,-164.87595,-164.87595,-166.31387,-166.49591,-166.49591,-167.95459,-167.5333,-167.5333,-168.85938,-169.1842,-169.1842,-170.35878,-169.3927,-169.3927,-169.46931,-170.6223,-170.6223,-169.63768,-168.9639,-168.9639,-167.93575,-167.91333,-167.91333,-167.18582,-167.5047,-167.5047,-166.3255,-166.20874,-166.20874,-164.39049,-164.41827,-164.41827,-163.06401,-163.79567,-163.79567,-163.95277,-163.17088,-163.17088,-164.65065,-165.53041,-165.53041,-167.09906,-166.01733,-166.01733,-167.30038,-167.42474,-167.42474,-168.98462,-168.31496,-168.31496,-170.01219,-170.37807,-170.37807,-171.16896,-171.96944,-171.96944,-171.40619,-171.35857,-171.35857,-170.93729,-170.76205,-170.76205,-171.25633;
P:22.414265,22.414265,22.414265,21.94309,21.94309,21.94309,22.196041,22.196041,22.196041,22.451637,22.451637,22.451637,22.249023,22.249023,22.249023,22.235308,22.235308,22.235308,22.039852,22.039852,22.039852,22.010473,22.010473,22.010473,21.840963,21.840963,21.840963,22.00162,22.00162,22.00162,21.729074,21.729074,21.729074,21.83131,21.83131,21.83131,22.072212,22.072212,22.072212,21.9116,21.9116,21.9116,21.583134,21.583134,21.583134,21.6367,21.6367,21.6367,21.707258,21.707258,21.707258,21.438276,21.438276,21.438276,21.756092,21.756092,21.756092,21.248827,21.248827,21.248827,21.824814,21.824814,21.824814,21.723269,21.723269,21.723269,21.428497,21.428497,21.428497,21.762121,21.762121,21.762121,21.57969,21.57969,21.57969,21.572508,21.572508,21.572508;
R:24.326262,24.326262,24.326262,24.791393,24.791393,24.791393,24.544323,24.544323,24.544323,24.606726,24.606726,24.606726,24.597454,24.597454,24.597454,24.630213,24.630213,24.630213,24.73091,24.73091,24.73091,24.605574,24.605574,24.605574,24.736477,24.736477,24.736477,24.42559,24.42559,24.42559,24.797684,24.797684,24.797684,24.590204,24.590204,24.590204,24.534168,24.534168,24.534168,24.663439,24.663439,24.663439,24.704947,24.704947,24.704947,24.699175,24.699175,24.699175,24.904617,24.904617,24.904617,24.740643,24.740643,24.740643,24.929583,24.929583,24.929583,24.718424,24.718424,24.718424,24.631306,24.631306,24.631306,24.455528,24.455528,24.455528,24.609032,24.609032,24.609032,24.790281,24.790281,24.790281,24.802887,24.802887,24.802887,24.752142,24.752142,24.752142,
T:14,52,02

Ax:-9.416245,-10.024373,-9.744251,-9.351603,-8.74587,-8.630947,-8.290971,-8.295759,-8.422652,-8.666861,-8.932617,-9.023597,-8.899098,-8.7315035,-8.853608,-8.884733,-9.016414,-8.762629,-8.796147,-8.920646,-8.949376,-8.927829,-9.205556,-9.313295,-9.095423;
Ay:-2.3126493,-2.133084,-1.7140988,-1.5081974,-1.4100351,-1.7667712,-2.109142,-2.20491,-2.429965,-2.619107,-2.477849,-2.2647653,-2.3006783,-2.1666028,-1.9607016,-1.7021278,-1.6614263,-1.7428292,-1.7811364,-1.8098669,-1.8505683,-1.6733973,-1.6303017,-1.3836989,-1.4172177;
Az:5.1111717,4.972308,4.483891,3.9236476,3.8973114,3.9116766,4.0050507,3.7584476,3.7776015,3.8853405,3.5884595,3.5405755,3.631555,3.7991493,3.7823899,3.5764885,3.7201405,3.569306,3.6267667,3.5046623,3.3418567,3.296367,3.1982045,3.1598973,3.1503205;
Gx:-1.2000936,-1.6530466,-1.2744635,-0.8268974,-0.1894412,-0.050278235,0.32366616,0.35164836,0.26007015,0.057311203,-0.16968904,-0.21981764,-0.05746084,0.14425065,0.05701193,0.06060323,-0.04070143,0.23702596,0.22251113,0.119261175,0.11312603,0.15607202,-0.1038485,-0.19393034,0.044143096;
Gy:0.97264445,1.0257658,1.3416507,1.4802152,1.5092449,1.0531495,0.60573304,0.3983353,0.061650693,-0.22625206,-0.15966332,-0.025438393,-0.15382746,-0.0863409,0.06823475,0.26156655,0.2275988,0.09995792,0.022296004,-0.05566519,-0.15113398,-0.023044191,-0.033069912,0.15652093,0.05626374;
Gz:0.8834604,0.95798,0.59870005,0.106691614,0.09771336,0.09187749,0.18570027,-0.06464344,-0.0398036,0.09935937,-0.15427637,-0.15427637,-0.027234044,0.1846528,0.22475569,0.06988076,0.2503437,0.13676877,0.22340895,0.13227965,0.0020949265,-0.009876082,-0.08484452,-0.10130466,-0.08544307;
Y:43.855026,43.855026,42.276325,42.17711,42.17711,42.063694,41.81879,41.81879,42.497246,42.749577,42.749577,43.66474,43.28504,43.28504,44.216694,45.12861,45.12861,46.327385,47.194202,47.194202,48.5926,49.434875,49.434875,50.405487,51.186676,51.186676,51.461338,51.905846,51.905846,51.722145,51.6197,51.6197,51.147778,50.483658,50.483658,49.75954,49.74168,49.74168,48.845306,48.061165,48.061165,47.05282,46.40097,46.40097,45.34084,44.9707,44.9707,44.095493,43.678,43.678,43.290165,43.826313,43.826313,43.93565,43.932083,43.932083,44.1475,44.590446,44.590446,44.76716,45.30232,45.30232,45.58847,45.0978,45.0978,45.410046,45.557087,45.557087,45.768414,45.117535,45.117535,45.305695,45.364048,45.364048,45.651684;
P:12.180589,12.180589,12.180589,10.792654,10.792654,10.792654,9.0792055,9.0792055,9.0792055,8.458875,8.458875,8.458875,8.377351,8.377351,8.377351,10.561363,10.561363,10.561363,12.90184,12.90184,12.90184,13.609434,13.609434,13.609434,14.747943,14.747943,14.747943,15.416517,15.416517,15.416517,14.434586,14.434586,14.434586,13.150749,13.150749,13.150749,13.461364,13.461364,13.461364,12.818351,12.818351,12.818351,11.51098,11.51098,11.51098,10.077406,10.077406,10.077406,9.666844,9.666844,9.666844,10.436809,10.436809,10.436809,10.603182,10.603182,10.603182,10.693519,10.693519,10.693519,10.963343,10.963343,10.963343,9.972578,9.972578,9.972578,9.497133,9.497133,9.497133,8.008651,8.008651,8.008651,8.375765,8.375765,8.375765;
R:61.506733,61.506733,61.506733,63.617584,63.617584,63.617584,65.29012,65.29012,65.29012,67.23856,67.23856,67.23856,65.981415,65.981415,65.981415,65.61924,65.61924,65.61924,64.21659,64.21659,64.21659,65.626785,65.626785,65.626785,65.84353,65.84353,65.84353,65.85338,65.85338,65.85338,68.11342,68.11342,68.11342,68.57652,68.57652,68.57652,67.80055,67.80055,67.80055,66.48574,66.48574,66.48574,66.86712,66.86712,66.86712,68.07309,68.07309,68.07309,67.579124,67.579124,67.579124,67.837326,67.837326,67.837326,67.59301,67.59301,67.59301,68.55158,68.55158,68.55158,69.52347,69.52347,69.52347,69.73466,69.73466,69.73466,70.84169,70.84169,70.84169,71.2585,71.2585,71.2585,70.89579,70.89579,70.89579,
T:14,52,03

Ax:-3.782689,-3.758747,-3.770718,-3.7731123,-3.818602,-3.7659297,-3.7371993,-3.806631,-3.8018427,-3.7611413,-3.7994485,-3.8329673,-3.79466,-3.7779007,-3.768324,-3.792266,-3.8209963,-3.7395935,-3.8569093,-3.7611413,-3.7419877,-3.768324,-3.7180457,-3.7419877,-3.7970543;
Ay:-3.662979,-3.6557963,-3.5959413,-3.627066,-3.6366427,-3.6079123,-3.617489,-3.617489,-3.651008,-3.639037,-3.6581905,-3.6438253,-3.6127007,-3.6462195,-3.6198833,-3.5408747,-3.55524,-3.686921,-3.639037,-3.6127007,-3.6366427,-3.5959413,-3.641431,-3.617489,-3.5719993;
Az:8.226028,8.283489,8.252364,8.259547,8.218845,8.259547,8.199692,8.199692,8.266729,8.230817,8.245182,8.235605,8.245182,8.245182,8.237999,8.237999,8.206875,8.252364,8.297854,8.190115,8.352921,8.309825,8.276306,8.278701,8.228422;
Gx:0.0067336923,0.02813187,0.013916298,0.014065935,-0.028580783,0.02439093,0.054168813,-0.01436521,-0.007930793,0.033967737,-0.0026934769,-0.03561375,0.0011971008,0.012270284,0.0199018,-0.005985504,-0.036361936,0.042945992,-0.07796119,0.017058687,0.030526072,-0.0017956513,0.047734395,0.021547815,-0.033369187;
Gy:0.015263036,0.029478608,0.093972415,0.061501056,0.053869538,0.08604162,0.07556699,0.077213004,0.04444237,0.05940613,0.041748893,0.05431845,0.081702136,0.045340195,0.06958149,0.142455,0.12389994,-0.009127894,0.042646717,0.06823475,0.045789108,0.093373865,0.050727148,0.07706337,0.1225532;
Gz:-0.037259765,0.022146367,-0.007930793,-1.496376E-4,-0.038606502,0.0037409402,-0.056114104,-0.054917,0.013317747,-0.020799628,-0.004938041,-0.015113398,-0.007930793,-0.011821371,-0.020799628,-0.02439093,-0.058209028,-0.014215573,0.03127426,-0.07706337,0.08379706,0.041000705,0.008379706,0.010923545,-0.03935469;
Y:-171.28873,-171.28873,-171.42229,-170.39136,-170.39136,-169.87407,-170.22636,-170.22636,-170.01488,-170.08653,-170.08653,-170.03212,-171.37054,-171.37054,-170.72101,-169.15623,-169.15623,-168.16048,-168.27174,-168.27174,-167.45308,-168.8428,-168.8428,-168.82437,-168.11465,-168.11465,-168.51279,-168.0288,-168.0288,-167.61748,-168.32698,-168.32698,-167.98141,-168.70117,-168.70117,-169.62119,-168.67896,-168.67896,-170.32271,-170.11078,-170.11078,-170.94963,-170.76828,-170.76828,-170.51999,-170.74545,-170.74545,-170.87384,-171.82182,-171.82182,-171.97311,-170.25604,-170.25604,-168.61018,-170.23877,-170.23877,-168.20879,-167.42107,-167.42107,-167.18639,-165.26424,-165.26424,-166.0112,-166.76636,-166.76636,-167.22917,-166.8137,-166.8137,-166.73871,-167.06813,-167.06813,-167.17282,-168.58981,-168.58981,-169.57787;
P:22.026625,22.026625,22.026625,21.894955,21.894955,21.894955,21.620062,21.620062,21.620062,21.773357,21.773357,21.773357,21.864567,21.864567,21.864567,21.675512,21.675512,21.675512,21.872696,21.872696,21.872696,21.809088,21.809088,21.809088,21.863186,21.863186,21.863186,21.906443,21.906443,21.906443,21.947058,21.947058,21.947058,21.857252,21.857252,21.857252,21.703983,21.703983,21.703983,21.901684,21.901684,21.901684,21.781214,21.781214,21.781214,21.327623,21.327623,21.327623,21.441105,21.441105,21.441105,22.143314,22.143314,22.143314,21.687263,21.687263,21.687263,21.843721,21.843721,21.843721,21.669197,21.669197,21.669197,21.509624,21.509624,21.509624,21.86775,21.86775,21.86775,21.711334,21.711334,21.711334,21.51248,21.51248,21.51248;
R:24.69505,24.69505,24.69505,24.406824,24.406824,24.406824,24.556883,24.556883,24.556883,24.551788,24.551788,24.551788,24.920307,24.920307,24.920307,24.510551,24.510551,24.510551,24.502224,24.502224,24.502224,24.902649,24.902649,24.902649,24.697552,24.697552,24.697552,24.558432,24.558432,24.558432,24.740643,24.740643,24.740643,24.957935,24.957935,24.957935,24.713192,24.713192,24.713192,24.61701,24.61701,24.61701,24.580872,24.580872,24.580872,24.718424,24.718424,24.718424,24.965973,24.965973,24.965973,24.377857,24.377857,24.377857,24.92938,24.92938,24.92938,24.665977,24.665977,24.665977,24.131691,24.131691,24.131691,24.393251,24.393251,24.393251,24.191513,24.191513,24.191513,24.323053,24.323053,24.323053,24.771244,24.771244,24.771244,
T:14,52,03

Ax:-8.927829,-9.318084,-9.974094,-10.112958,-9.5431385,-9.25344,-9.198373,-9.265411,-9.303719,-9.318084,-9.251046,-9.186402,-9.169642,-9.574263,-9.648483,-9.880721,-10.189572,-9.5670805,-9.727492,-9.516802,-9.562292,-9.485678,-9.82326,-9.780165,-9.780165,-9.761011;
Ay:-1.2448353,-0.6654384,-0.6534674,-0.4882675,-0.35658643,-0.5720646,-0.7683891,-0.5433341,-0.37095162,-0.19138649,-0.29912558,-0.25363573,-0.52896893,-0.7540239,-0.43080667,-0.42601827,-0.68698627,-0.15068507,-0.10040683,0.009726444,0.15098435,0.06000468,-0.14350246,-0.24405894,-0.17223288,-0.09561843;
Az:3.1766567,2.7792192,2.6427498,2.8294976,2.7145758,2.8917468,3.04737,2.6954222,2.5469818,2.3698108,2.0825067,2.0322282,2.2405238,2.171092,2.017863,2.0034978,2.7576714,2.2333412,1.5462054,1.4408605,1.3546692,1.4959271,1.6371851,1.7281647,1.9005473,1.8239328;
Gx:0.23687632,-0.1213561,-0.736217,-0.8319851,-0.22924481,0.08304887,0.15622166,0.108936176,0.097862996,0.11148002,0.20590134,0.29553428,0.33773208,-0.038456865,-0.078410104,-0.27952304,-0.56039286,0.07436989,-0.08888474,0.121655375,0.07736264,0.15726912,-0.17642274,-0.12808979,-0.12554595,-0.10444705;
Gy:0.1643021,0.669329,0.57041854,0.58897364,0.5659294,0.24001873,-0.0199018,0.13721769,0.18719664,0.21832126,-0.027533319,-0.07407062,-0.39489365,-0.6202479,-0.272939,-0.24974516,-0.48437694,0.08454525,0.120159,0.20784664,0.33473933,0.22026655,-0.008379706,-0.112377845,-0.027682956,0.05057751;
Gz:-0.01616086,-0.35299513,-0.41255087,-0.14933833,-0.21323359,0.0034416649,0.20081367,-0.10280103,-0.18614918,-0.29209262,-0.49889177,-0.4640262,-0.16011223,-0.114173494,-0.117615156,0.013916298,0.911293,0.45624506,-0.2486977,-0.35718498,-0.43828854,-0.2813187,-0.1213561,-0.0017956513,0.18629882,0.12075755;
Y:44.962757,44.962757,45.38668,44.775806,44.775806,45.17079,45.738293,45.738293,45.942932,45.167564,45.167564,45.334232,44.939465,44.939465,45.264324,45.262444,45.262444,45.732975,45.917767,45.917767,46.473866,46.712776,46.712776,47.025932,46.891506,46.891506,46.86205,46.787884,46.787884,46.542213,47.57559,47.57559,47.11561,47.076435,47.076435,46.528778,46.83476,46.83476,46.388325,47.50636,47.50636,46.804737,46.195293,46.195293,44.658344,44.789936,44.789936,42.328053,40.960846,40.960846,37.629517,37.42827,37.42827,33.912643,36.25127,36.25127,32.864353,32.86701,32.86701,29.999277,30.040882,30.040882,27.93936,27.555342,27.555342,26.04559,26.097988,26.097988,25.20302,25.023829,25.023829,24.764307,23.99431,23.99431,24.02612,24.166512,24.166512,24.052649;
P:7.4838185,7.4838185,7.4838185,3.9149065,3.9149065,3.9149065,3.6237655,3.6237655,3.6237655,2.6620939,2.6620939,2.6620939,2.0583246,2.0583246,2.0583246,3.3769715,3.3769715,3.3769715,4.5338926,4.5338926,4.5338926,3.2227437,3.2227437,3.2227437,2.2022996,2.2022996,2.2022996,1.1403556,1.1403556,1.1403556,1.806788,1.806788,1.806788,1.5442135,1.5442135,1.5442135,3.2074091,3.2074091,3.2074091,4.391999,4.391999,4.391999,2.5024986,2.5024986,2.5024986,2.4196613,2.4196613,2.4196613,3.7235177,3.7235177,3.7235177,0.8787337,0.8787337,0.8787337,0.5840524,0.5840524,0.5840524,-0.057898078,-0.057898078,-0.057898078,-0.8956581,-0.8956581,-0.8956581,-0.35801336,-0.35801336,-0.35801336,0.8255566,0.8255566,0.8255566,1.4076914,1.4076914,1.4076914,0.99037623,0.99037623,0.99037623,0.5517006,0.5517006,0.5517006;
R:70.41367,70.41367,70.41367,73.39222,73.39222,73.39222,75.159836,75.159836,75.159836,74.36894,74.36894,74.36894,74.12143,74.12143,74.12143,72.64571,72.64571,72.64571,71.67026,71.67026,71.67026,73.77963,73.77963,73.77963,74.68985,74.68985,74.68985,75.73083,75.73083,75.73083,77.3136,77.3136,77.3136,77.52585,77.52585,77.52585,76.2693,76.2693,76.2693,77.22349,77.22349,77.22349,78.18754,78.18754,78.18754,78.537636,78.537636,78.537636,74.85644,74.85644,74.85644,76.860176,76.860176,76.860176,80.96827,80.96827,80.96827,81.39071,81.39071,81.39071,81.93669,81.93669,81.93669,81.03805,81.03805,81.03805,80.53782,80.53782,80.53782,79.97922,79.97922,79.97922,79.00296,79.00296,79.00296,79.415825,79.415825,79.415825,
T:14,52,04

Ax:-9.744251,-9.698761,-9.595811,-9.569474,-9.6389065,-9.744251,-9.583839,-9.662848,-9.650877,-9.696367,-9.65806,-9.679607,-9.660454,-9.65806,-9.670031,-9.6413,-9.698761,-9.727492,-9.660454,-9.646089,-9.662848,-9.729886,-9.636512,-9.693973,-9.650877;
Ay:-0.054917,-0.040551793,-0.026186582,-0.016609775,-0.2009633,-0.26800096,-0.09083003,0.019303251,-0.13153146,-0.1985691,-0.08364742,-0.035763387,-0.14589667,-0.20814592,-0.16265608,-0.15068507,-0.17462708,-0.2057517,-0.18659809,-0.2009633,-0.22490533,-0.13392566,-0.25363573,-0.27997196,-0.16744448;
Az:1.6443677,1.4983213,1.4839561,1.5390228,1.7281647,1.601272,1.6683097,1.6635213,1.5916952,1.5797242,1.6515503,1.565359,1.565359,1.5916952,1.5701474,1.6683097,1.6204256,1.6611271,1.6300025,1.5797242,1.6443677,1.6467619,1.5988778,1.5557822,1.5845126;
Gx:-0.0863409,-0.03995324,0.062698156,0.08828619,0.019452889,-0.084694885,0.07706337,-0.0020949265,0.010923545,-0.033518825,0.006135142,-0.015113398,0.004189853,0.0073322426,-0.004189853,0.024839843,-0.032920275,-0.061501056,0.005686229,0.019602526,0.002992752,-0.06434417,0.02932897,-0.028431145,0.014215573;
Gy:0.08454525,0.090381116,0.09876082,0.10803835,-0.07811083,-0.14829087,0.029927522,0.1436521,-0.006584055,-0.073621705,0.041748893,0.0935235,-0.010773907,-0.07047931,-0.019303251,-1.496376E-4,-0.015861586,-0.040102877,-0.017806875,-0.02813187,-0.048033673,0.045938745,-0.073023155,-0.09606735,0.02124854;
Gz:-0.051774614,-0.1937807,-0.20964229,-0.1587655,0.033369187,-0.087089084,-0.011821371,-0.017357962,-0.08304887,-0.089184016,-0.009277532,-0.09382278,-0.0923264,-0.061650693,-0.08035539,0.021098902,-0.028580783,0.013766659,-0.015711948,-0.06808511,-0.0023942017,-0.001496376,-0.047734395,-0.092176765,-0.06494272;
Y:24.635412,24.635412,24.398262,24.881155,24.881155,24.757078,24.727251,24.727251,24.588741,24.351671,24.351671,24.027924,23.67362,23.67362,23.40831,24.069138,24.069138,24.050623,23.39138,23.39138,23.36262,23.247625,23.247625,23.09293,23.615028,23.615028,23.531134,23.721548,23.721548,23.874794,23.371841,23.371841,23.637255,23.901419,23.901419,24.081375,24.266882,24.266882,24.417301,24.4277,24.4277,24.662535,24.668997,24.668997,24.734758,24.317225,24.317225,24.135176,24.398127,24.398127,24.279062,24.196348,24.196348,24.174301,24.218601,24.218601,24.183903,24.398466,24.398466,24.301502,24.10117,24.10117,23.862333,23.730972,23.730972,23.30715,23.651522,23.651522,23.185556,23.435743,23.435743,23.365807,23.0344,23.0344,23.297325;
P:0.31840444,0.31840444,0.31840444,0.23675132,0.23675132,0.23675132,0.1545207,0.1545207,0.1545207,0.09818672,0.09818672,0.09818672,1.1756561,1.1756561,1.1756561,1.5545968,1.5545968,1.5545968,0.5349555,0.5349555,0.5349555,-0.112798944,-0.112798944,-0.112798944,0.77042717,0.77042717,0.77042717,1.1579176,1.1579176,1.1579176,0.4891207,0.4891207,0.4891207,0.20897564,0.20897564,0.20897564,0.8541033,0.8541033,0.8541033,1.2181926,1.2181926,1.2181926,0.9512053,0.9512053,0.9512053,0.8823005,0.8823005,0.8823005,1.017405,1.017405,1.017405,1.1944296,1.1944296,1.1944296,1.091149,1.091149,1.091149,1.1778222,1.1778222,1.1778222,1.3144435,1.3144435,1.3144435,0.7775338,0.7775338,0.7775338,1.4873686,1.4873686,1.4873686,1.633411,1.633411,1.633411,0.98086286,0.98086286,0.98086286;
R:80.42143,80.42143,80.42143,81.21804,81.21804,81.21804,81.20906,81.20906,81.20906,80.86356,80.86356,80.86356,79.8354,79.8354,79.8354,80.668,80.668,80.668,80.12517,80.12517,80.12517,80.23192,80.23192,80.23192,80.63466,80.63466,80.63466,80.74671,80.74671,80.74671,80.29615,80.29615,80.29615,80.81381,80.81381,80.81381,80.79591,80.79591,80.79591,80.6415,80.6415,80.6415,80.77723,80.77723,80.77723,80.18288,80.18288,80.18288,80.514885,80.514885,80.514885,80.30929,80.30929,80.30929,80.42272,80.42272,80.42272,80.699326,80.699326,80.699326,80.342255,80.342255,80.342255,80.393845,80.393845,80.393845,80.57938,80.57938,80.57938,80.88237,80.88237,80.88237,80.67617,80.67617,80.67617,
T:14,52,05

Ax:-9.583839,-9.696367,-9.674819,-9.677214,-9.672425,-9.617358,-9.696367,-9.6413,-9.667637,-9.600599,-9.710732,-9.756223,-9.679607,-9.6413,-9.473706,-9.313295,-9.444976,-9.085846,-9.514408,-9.468918,-9.617358,-9.435399,-9.358785,-9.375545,-9.50962,-9.605388;
Ay:-0.15307927,-0.26081836,-0.1818097,-0.14589667,-0.2009633,-0.1985691,-0.20814592,-0.17223288,-0.12195465,-0.18899229,-0.09561843,-0.09083003,-0.014215573,-0.112377845,-0.059705406,-0.3302502,-0.30151978,-0.23448212,-0.4451719,-0.23927054,0.2587234,0.2347814,0.44068274,0.71601593,0.56039286,0.8213608;
Az:1.5869068,1.6371851,1.6228198,1.5988778,1.5916952,1.6539445,1.6204256,1.5869068,1.4815619,1.4695909,1.5964836,1.6108488,1.6204256,1.6276083,1.6754923,2.099266,1.7401357,1.7425299,2.0226514,1.8335096,1.6036662,1.7209821,1.802385,1.6539445,1.9149125,1.6994343;
Gx:0.08095395,-0.03187281,-0.010324995,-0.012719196,-0.00808043,0.046686932,-0.032172084,0.023792379,-0.0020949265,0.065092355,-0.044592008,-0.089184016,-0.0134673845,0.021547815,0.1846528,0.3386299,0.19767128,0.545878,0.102651395,0.14021043,-0.011821371,0.17013796,0.24600422,0.2287959,0.095768064,0.002992752;
Gy:0.039653964,-0.06494272,0.01810615,0.05805939,0.007631518,0.0134673845,0.004938041,0.039504327,0.08888474,0.02124854,0.12075755,0.13422494,0.21996728,0.13901334,0.2124854,-0.03441665,0.028580783,0.11192893,-0.09876082,0.085293435,0.5363012,0.48841715,0.71436995,1.0247183,0.900968,1.1640309;
Gz:-0.06434417,-0.015113398,-0.029179333,-0.052373163,-0.060453594,0.0010474633,-0.03172317,-0.060303956,-0.16295536,-0.17372926,-0.043993454,-0.022744916,-0.017357962,-0.027234044,-0.0017956513,0.3890578,-0.015562311,-0.06868366,0.13467385,-0.09801263,-0.35299513,-0.23897126,-0.15846622,-0.30406362,-0.032621,-0.23283611;
Y:23.22257,23.22257,23.366293,23.429007,23.429007,23.451956,23.354868,23.354868,23.125002,23.158022,23.158022,22.539455,22.6587,22.6587,22.051079,21.764183,21.764183,21.546646,21.747179,21.747179,21.9077,21.946741,21.946741,22.20461,22.552305,22.552305,22.775469,22.898792,22.898792,23.111185,22.520323,22.520323,22.699888,22.664541,22.664541,22.726347,22.51443,22.51443,22.357262,22.465908,22.465908,22.270067,21.884884,21.884884,21.857296,20.468102,20.468102,20.53279,22.026232,22.026232,21.93369,21.557423,21.557423,21.237787,20.775026,20.775026,20.27785,20.674124,20.674124,20.153791,20.427084,20.427084,19.999743,19.447657,19.447657,19.06114,18.418814,18.418814,18.071484,18.332745,18.332745,17.991896,17.288765,17.288765,16.767756,17.364714,17.364714,16.578848;
P:0.902797,0.902797,0.902797,1.5193083,1.5193083,1.5193083,1.0617491,1.0617491,1.0617491,0.8521919,0.8521919,0.8521919,1.1744677,1.1744677,1.1744677,1.1657073,1.1657073,1.1657073,1.2129285,1.2129285,1.2129285,1.0098424,1.0098424,1.0098424,0.71439326,0.71439326,0.71439326,1.1147673,1.1147673,1.1147673,0.5566821,0.5566821,0.5566821,0.52628106,0.52628106,0.52628106,0.08299026,0.08299026,0.08299026,0.6584862,0.6584862,0.6584862,0.35556817,0.35556817,0.35556817,1.9811969,1.9811969,1.9811969,1.7982352,1.7982352,1.7982352,1.4518789,1.4518789,1.4518789,2.6203978,2.6203978,2.6203978,1.4211161,1.4211161,1.4211161,-1.5200063,-1.5200063,-1.5200063,-1.4022735,-1.4022735,-1.4022735,-2.647353,-2.647353,-2.647353,-4.301077,-4.301077,-4.301077,-3.3062716,-3.3062716,-3.3062716,-4.8131056,-4.8131056,-4.8131056;
R:80.598175,80.598175,80.598175,80.41627,80.41627,80.41627,80.47805,80.47805,80.47805,80.61829,80.61829,80.61829,80.65516,80.65516,80.65516,80.24201,80.24201,80.24201,80.51259,80.51259,80.51259,80.65322,80.65322,80.65322,81.28723,81.28723,81.28723,81.29713,81.29713,81.29713,80.66386,80.66386,80.66386,80.62449,80.62449,80.62449,80.49646,80.49646,80.49646,80.417885,80.417885,80.417885,79.97054,79.97054,79.97054,77.297516,77.297516,77.297516,79.560936,79.560936,79.560936,79.14335,79.14335,79.14335,77.99826,77.99826,77.99826,79.04118,79.04118,79.04118,80.533195,80.533195,80.533195,79.66309,79.66309,79.66309,79.099014,79.099014,79.099014,79.99536,79.99536,79.99536,78.614845,78.614845,78.614845,79.96677,79.96677,79.96677,
T:14,52,06

Ax:-9.617358,-9.677214,-9.6389065,-9.715521,-9.033174,-9.392303,-9.696367,-9.310901,-10.03395,-10.129718,-10.749816,-10.783335,-10.867132,-10.259005,-9.840019,-9.109788,-9.454553,-9.454553,-9.959729,-10.373926,-10.452935,-10.086622,-9.643695,-9.552715,-9.660454;
Ay:0.35209727,0.34252048,0.39279872,0.20365678,-0.43559507,-0.60558337,-0.5624878,-0.37334582,-0.31827918,-0.08843583,0.3592799,0.67531455,-0.4643255,-0.71571666,-0.5481225,-0.3422212,-0.16265608,0.03127426,-0.3302502,-0.11956045,0.29703066,0.7615058,0.70165074,0.60109425,0.79981303;
Az:2.0513818,1.601272,1.2469301,0.96680856,0.92371297,0.45444942,0.49275663,0.34910452,0.33473933,0.28446108,0.19826983,1.838298,1.2780548,0.7297826,0.1695394,-0.37873277,-0.5104139,-0.8025065,-0.5966051,-0.6923732,-0.56308633,-0.6133646,-0.30690673,-0.33324295,-0.5319617;
Gx:-7.48188E-4,-0.05267244,-0.0070329676,-0.07736264,0.61366385,0.26426002,-0.020949265,0.3875614,-0.3091513,-0.37514147,-0.9701006,-0.9864111,-1.0622773,-0.4523545,-0.0338181,0.6955156,0.34910452,0.34551322,-0.16564883,-0.58747727,-0.6744167,-0.3127426,0.13033436,0.2240075,0.117615156;
Gy:0.6337153,0.52612585,0.44666827,0.14873978,-0.53226095,-0.7015011,-0.68219787,-0.5506664,-0.5527613,-0.33877954,0.1563713,0.5539584,-0.50996494,-0.7104794,-0.5870283,-0.4611831,-0.37229836,-0.29463646,-0.7835025,-0.689979,-0.3597288,0.07915829,0.051325697,0.011372458,0.26665422;
Gz:0.15023616,-0.27159226,-0.595408,-0.8429086,-0.8375217,-1.2520179,-1.1019313,-1.0928035,-0.9084499,-0.69416887,-0.49963996,1.4178163,1.0926538,0.75851303,0.2709937,-0.26036942,-0.38112697,-0.6426935,-0.39040452,-0.42227733,-0.21338323,-0.19243397,0.15891513,0.15771803,-0.006584055;
Y:15.760629,15.760629,14.714097,16.426441,16.426441,15.120773,16.34306,16.34306,14.741908,15.983462,15.983462,14.062607,14.630497,14.630497,12.306547,14.542829,14.542829,11.801889,11.647709,11.647709,8.43989,8.865247,8.865247,5.3830256,5.52152,5.52152,1.8058553,1.9990376,1.9990376,-1.6860269,-1.2258196,-1.2258196,-4.6069446,-10.748224,-10.748224,-13.559217,-12.389792,-12.389792,-14.893718,-13.201888,-13.201888,-15.732902,-13.19259,-13.19259,-15.792133,-12.969223,-12.969223,-15.662674,-14.862094,-14.862094,-17.48982,-15.873086,-15.873086,-18.004904,-19.64293,-19.64293,-21.119146,-20.457876,-20.457876,-21.274086,-21.167469,-21.167469,-21.508265,-20.494722,-20.494722,-20.600557,-21.872293,-21.872293,-22.023384,-22.046898,-22.046898,-22.230062,-21.057983,-21.057983,-21.256138;
P:-2.0506082,-2.0506082,-2.0506082,-1.9999398,-1.9999398,-1.9999398,-2.3143272,-2.3143272,-2.3143272,-1.1949583,-1.1949583,-1.1949583,2.7464619,2.7464619,2.7464619,3.684829,3.684829,3.684829,3.315747,3.315747,3.315747,2.294589,2.294589,2.294589,1.8158165,1.8158165,1.8158165,0.50000155,0.50000155,0.50000155,-1.9138993,-1.9138993,-1.9138993,-3.5326781,-3.5326781,-3.5326781,2.4298913,2.4298913,2.4298913,3.9807312,3.9807312,3.9807312,3.1878028,3.1878028,3.1878028,2.1495247,2.1495247,2.1495247,0.9841862,0.9841862,0.9841862,-0.1888462,-0.1888462,-0.1888462,1.8957536,1.8957536,1.8957536,0.6588443,0.6588443,0.6588443,-1.6253238,-1.6253238,-1.6253238,-4.309517,-4.309517,-4.309517,-4.159264,-4.159264,-4.159264,-3.5983448,-3.5983448,-3.5983448,-4.7257385,-4.7257385,-4.7257385;
R:77.95925,77.95925,77.95925,80.6045,80.6045,80.6045,82.628914,82.628914,82.628914,84.31711,84.31711,84.31711,84.161354,84.161354,84.161354,87.22989,87.22989,87.22989,87.090805,87.090805,87.090805,87.852745,87.852745,87.852745,88.08929,88.08929,88.08929,88.39145,88.39145,88.39145,88.94336,88.94336,88.94336,80.325455,80.325455,80.325455,83.29241,83.29241,83.29241,85.931076,85.931076,85.931076,89.01292,89.01292,89.01292,92.38066,92.38066,92.38066,93.09017,93.09017,93.09017,94.85166,94.85166,94.85166,93.42802,93.42802,93.42802,93.81835,93.81835,93.81835,93.08347,93.08347,93.08347,93.47985,93.47985,93.47985,91.8228,91.8228,91.8228,91.99793,91.99793,91.99793,93.15186,93.15186,93.15186,
T:14,52,07

Ax:-9.873538,-9.928605,-9.758616,-9.502437,-9.531167,-9.780165,-9.631723,-9.753828,-9.91424,-9.753828,-9.8855095,-9.811289,-9.919028,-9.844808,-9.713126,-9.550321,-9.52159,-9.540744,-9.801712,-9.315689,-9.588628,-9.3204775,-9.772982,-9.832837,-10.323648,-9.945364;
Ay:0.43589434,0.60109425,0.59630585,0.40476972,0.33533788,0.3760393,0.3592799,0.6130653,0.60109425,1.0081085,1.1469723,1.3121722,1.2092215,1.1661259,0.7471406,0.56278706,0.46701896,0.4765958,0.56757545,0.775871,0.28505963,0.46223056,0.39758712,0.59630585,0.8620623,1.1469723;
Az:-0.65885437,-0.9246108,-0.8120833,-0.67321956,-0.7187094,-0.9246108,-1.0179846,-1.3172598,-1.2765584,-1.3651439,-0.8216601,-0.34042555,-0.2685995,-1.1089643,-1.1281179,-1.448941,-1.199944,-1.27177,-1.211915,-1.3555671,-1.307683,-1.6380829,-1.5423148,-1.3507787,-1.6500539,-0.87912095;
Gx:-0.09651626,-0.15457565,0.011222821,0.2629133,0.22909518,-0.026635494,0.11432313,-0.012569559,-0.17687166,-0.018555064,-0.15068507,-0.07631518,-0.18659809,-0.11731588,0.008828619,0.16744448,0.19003975,0.16564883,-0.100855745,0.38052842,0.10639234,0.3705027,-0.08693945,-0.15023616,-0.64134675,-0.26590604;
Gy:-0.07466917,0.06599019,0.009427169,-0.23942018,-0.36975452,-0.3959411,-0.47734398,-0.2594716,-0.28476036,0.13138182,0.30855274,0.53330845,0.49530047,0.49889177,0.09292495,-0.12943652,-0.25288755,-0.24286184,-0.14709377,0.049081136,-0.46627077,-0.3458125,-0.48482585,-0.35119945,-0.113574944,0.1985691;
Gz:-0.09127894,-0.33010057,-0.197372,-0.045190558,-0.07631518,-0.25767595,-0.32022446,-0.5979519,-0.52073884,-0.5729624,0.016011223,0.55096567,0.70165074,-0.058957215,-0.020051438,-0.32680854,-0.043544542,-0.07227496,0.03441665,-0.08035539,-0.037110128,-0.3712509,-0.28760347,-0.11791443,-0.43619362,0.37828386;
Y:-21.351309,-21.351309,-21.73126,-20.300901,-20.300901,-20.892311,-21.31791,-21.31791,-22.086136,-22.927902,-22.927902,-23.804308,-23.742155,-23.742155,-24.454405,-23.56954,-23.56954,-24.020763,-23.55423,-23.55423,-23.76253,-22.003378,-22.003378,-21.836227,-22.157183,-22.157183,-21.782654,-20.598457,-20.598457,-20.373962,-22.698435,-22.698435,-22.669882,-24.45747,-24.45747,-24.513567,-25.018816,-25.018816,-25.060665,-21.406939,-21.406939,-21.415722,-21.912989,-21.912989,-22.062397,-20.742445,-20.742445,-21.018068,-22.349928,-22.349928,-22.535915,-22.195194,-22.195194,-22.285845,-22.576403,-22.576403,-22.553663,-21.178213,-21.178213,-21.076416,-22.377064,-22.377064,-22.137821,-20.015013,-20.015013,-19.521225,-20.488409,-20.488409,-19.708244,-20.329887,-20.329887,-19.197342,-17.834259,-17.834259,-16.524412,-19.366835,-19.366835,-18.43698;
P:-2.5222352,-2.5222352,-2.5222352,-3.449663,-3.449663,-3.449663,-3.4847283,-3.4847283,-3.4847283,-2.4330292,-2.4330292,-2.4330292,-2.0093234,-2.0093234,-2.0093234,-2.1921263,-2.1921263,-2.1921263,-2.1244195,-2.1244195,-2.1244195,-3.564255,-3.564255,-3.564255,-3.4412208,-3.4412208,-3.4412208,-5.8442993,-5.8442993,-5.8442993,-6.5956435,-6.5956435,-6.5956435,-7.613067,-7.613067,-7.613067,-6.9480667,-6.9480667,-6.9480667,-6.713193,-6.713193,-6.713193,-4.369315,-4.369315,-4.369315,-3.3343909,-3.3343909,-3.3343909,-2.7860155,-2.7860155,-2.7860155,-2.8347287,-2.8347287,-2.8347287,-3.2890642,-3.2890642,-3.2890642,-4.711581,-4.711581,-4.711581,-1.6872317,-1.6872317,-1.6872317,-2.7963548,-2.7963548,-2.7963548,-2.3011894,-2.3011894,-2.3011894,-3.4382017,-3.4382017,-3.4382017,-4.7137766,-4.7137766,-4.7137766,-6.553376,-6.553376,-6.553376;
R:93.81765,93.81765,93.81765,95.32038,95.32038,95.32038,94.75703,94.75703,94.75703,94.05246,94.05246,94.05246,94.312294,94.312294,94.312294,95.40065,95.40065,95.40065,96.03324,96.03324,96.03324,97.69129,97.69129,97.69129,97.337036,97.337036,97.337036,97.96735,97.96735,97.96735,94.751366,94.751366,94.751366,91.98721,91.98721,91.98721,91.55115,91.55115,91.55115,96.42696,96.42696,96.42696,96.62486,96.62486,96.62486,98.62692,98.62692,98.62692,97.18275,97.18275,97.18275,97.5927,97.5927,97.5927,97.048454,97.048454,97.048454,98.27925,98.27925,98.27925,97.76601,97.76601,97.76601,99.96799,99.96799,99.96799,98.968124,98.968124,98.968124,97.82201,97.82201,97.82201,99.08092,99.08092,99.08092,95.05154,95.05154,95.05154,
T:14,52,08

Ax:-9.849596,-10.014796,-9.593416,-9.732281,-9.662848,-9.622147,-9.667637,-9.643695,-9.8065,-9.62933,-9.952547,-9.7657995,-9.904663,-9.808895,-9.636512,-9.564686,-9.416245,-9.318084,-9.392303,-9.624541,-9.650877,-9.437794,-9.959729,-9.971701,-9.28217;
Ay:1.4342765,1.3313258,1.2714708,0.7734768,0.41195232,0.0863409,0.13901334,-0.11716624,0.10310031,-0.016609775,0.10310031,0.12943652,-0.09801263,-0.042945992,-0.2057517,-0.5409399,-0.5409399,-0.42601827,-0.4762965,-0.24166474,-0.13153146,0.14859015,-0.14589667,0.13422494,0.15098435;
Az:-0.9724948,-1.0203788,-1.3220483,-1.27177,-1.2190976,-1.2214918,-1.2789526,-1.1472715,-1.3771149,-1.2214918,-1.4561236,-1.5542858,-1.2765584,-1.4082395,-1.2214918,-1.0562918,-0.98925424,-1.235857,-1.211915,-1.5806221,-1.817648,-1.6356887,-1.4058453,-1.817648,-1.5279496;
Gx:-0.16340427,-0.31768063,0.11058219,-0.023792379,0.048632223,0.09202713,0.050876785,0.07855974,-0.08080431,0.09801263,-0.22176293,-0.033518825,-0.1702876,-0.07287352,0.10100538,0.17402853,0.32202014,0.41928458,0.3429694,0.107739076,0.07646482,0.28745383,-0.23732524,-0.25243863,0.4352958;
Gy:0.57640404,0.595408,0.6358102,0.19752164,-0.122253925,-0.4165911,-0.32800564,-0.550816,-0.29658175,-0.37783495,-0.21547815,-0.14888942,-0.32591072,-0.2021604,-0.2813187,-0.5267244,-0.43424833,-0.23612814,-0.21787235,0.07556699,0.23178865,0.5386954,0.24106619,0.4878186,0.46417585;
Gz:0.29777884,0.24286184,-0.056563016,-0.012569559,0.034865562,0.024540568,-0.05267244,0.061650693,-0.18405426,-0.030376434,-0.28072014,-0.38067806,-0.109534726,-0.24346039,-0.06060323,0.09711481,0.16295536,-0.08738836,-0.058807578,-0.4173393,-0.6262334,-0.43619362,-0.18270752,-0.55949503,-0.24495676;
Y:-17.60407,-17.60407,-17.255316,-17.260143,-17.260143,-17.336567,-15.702485,-15.702485,-15.758148,-16.712112,-16.712112,-16.361343,-17.052866,-17.052866,-16.227478,-16.647753,-16.647753,-15.593987,-15.272131,-15.272131,-14.311876,-15.272,-15.272,-14.437741,-13.156186,-13.156186,-12.490194,-13.265634,-13.265634,-12.734832,-11.6856575,-11.6856575,-11.159118,-10.522496,-10.522496,-9.912836,-11.559107,-11.559107,-10.795617,-10.054276,-10.054276,-9.135624,-10.064235,-10.064235,-9.0836525,-10.161602,-10.161602,-9.29158,-9.558722,-9.558722,-9.014219,-7.606492,-7.606492,-7.405277,-7.608316,-7.608316,-7.372101,-5.605087,-5.605087,-5.0045085,-3.8849714,-3.8849714,-2.8433483,-3.4228883,-3.4228883,-2.0741844,-3.5188115,-3.5188115,-1.9135985,-0.14246409,-0.14246409,1.4972521,0.76383597,0.76383597,2.3913586;
P:-8.245515,-8.245515,-8.245515,-7.5337167,-7.5337167,-7.5337167,-7.47986,-7.47986,-7.47986,-4.505904,-4.505904,-4.505904,-2.4220128,-2.4220128,-2.4220128,-0.5100165,-0.5100165,-0.5100165,-0.81669873,-0.81669873,-0.81669873,0.6912082,0.6912082,0.6912082,-0.5965026,-0.5965026,-0.5965026,0.098044574,0.098044574,0.098044574,-0.5872649,-0.5872649,-0.5872649,-0.74991995,-0.74991995,-0.74991995,0.5623072,0.5623072,0.5623072,0.24830885,0.24830885,0.24830885,1.213445,1.213445,1.213445,3.2174494,3.2174494,3.2174494,3.26993,3.26993,3.26993,2.5950193,2.5950193,2.5950193,2.8792312,2.8792312,2.8792312,1.4193449,1.4193449,1.4193449,0.7673444,0.7673444,0.7673444,-0.8887525,-0.8887525,-0.8887525,0.8310097,0.8310097,0.8310097,-0.7586885,-0.7586885,-0.7586885,-0.9195218,-0.9195218,-0.9195218;
R:95.638794,95.638794,95.638794,95.81763,95.81763,95.81763,97.84639,97.84639,97.84639,97.44496,97.44496,97.44496,97.19064,97.19064,97.19064,97.234764,97.234764,97.234764,97.536026,97.536026,97.536026,96.78436,96.78436,96.78436,97.993706,97.993706,97.993706,97.22942,97.22942,97.22942,98.32369,98.32369,98.32369,99.04312,99.04312,99.04312,97.344055,97.344055,97.344055,98.16999,98.16999,98.16999,97.2241,97.2241,97.2241,96.30201,96.30201,96.30201,95.99739,95.99739,95.99739,97.555046,97.555046,97.555046,97.35241,97.35241,97.35241,99.32634,99.32634,99.32634,100.66615,100.66615,100.66615,99.832405,99.832405,99.832405,98.034386,98.034386,98.034386,100.33049,100.33049,100.33049,99.347694,99.347694,99.347694,
T:14,52,09

Ax:-9.7897415,-9.634118,-9.634118,-9.780165,-9.741858,-9.7897415,-9.684396,-9.775376,-9.801712,-9.679607,-9.720309,-9.68679,-9.361179,-9.962124,-9.981277,-9.693973,-9.851991,-9.660454,-9.650877,-9.8065,-9.65806,-9.6389065,-9.500043,-9.454553,-9.624541,-9.540744;
Ay:-0.0070329676,-0.10998364,0.033668462,0.26830024,1.496376E-4,-0.1937807,-0.18899229,-0.23687632,-0.25602993,-0.21772271,-0.5337573,-0.27278936,-0.51220953,-0.5696704,-0.81627315,-0.5553052,-0.41404727,-0.71332246,-0.72289926,-0.68459207,-0.564882,-0.564882,-0.81148475,-0.85697454,-0.80909055,-0.8809166;
Az:-1.2454338,-1.3531729,-1.5494974,-1.7530046,-1.7290626,-1.7553988,-1.9110218,-1.8559552,-1.5542858,-1.3052888,-1.1496657,-1.5135844,-1.7146974,-1.9397523,-2.4545057,-2.2845173,-1.8104655,-1.8583494,-1.925387,-1.9708769,-2.1336827,-2.243816,-2.0977695,-1.9589059,-2.0115783,-2.0857985;
Gx:-0.070180036,0.079008654,0.07332243,-0.07826047,-0.046986207,-0.10280103,-0.0055365916,-0.10639234,-0.14380173,-0.03232172,-0.082300685,-0.056563016,0.26021978,-0.34685996,-0.37678748,-0.10339958,-0.27159226,-0.088585466,-0.08574235,-0.24555531,-0.09950901,-0.08185177,0.05746084,0.104297414,-0.062249243,0.023642741;
Gy:0.3024176,0.2160767,0.37349546,0.6151602,0.35628715,0.16071078,0.16475101,0.12240356,0.120159,0.17791912,-0.11746552,0.16340427,-0.06778584,-0.13018471,-0.37633857,-0.11222821,0.03755904,-0.24480712,-0.23807344,-0.16774376,0.007182605,0.07691373,-0.110731825,-0.11312603,-0.014215573,-0.020201078;
Gz:0.021996727,-0.04129998,-0.20006548,-0.3652654,-0.29583356,-0.26919806,-0.37304655,-0.25782558,0.10564415,0.41135377,0.61291564,0.28625673,0.13018471,-0.06194997,-0.52268416,-0.28520927,0.23508067,0.22325931,0.18270752,0.14873978,-0.0175076,-0.14080898,-0.015711948,0.102052845,0.014065935,-0.09771336;
Y:0.8620887,0.8620887,2.4374022,3.0116456,3.0116456,4.5135846,5.300862,5.300862,6.7481403,7.3682055,7.3682055,8.740388,8.838232,8.838232,10.413931,10.637502,10.637502,12.708204,13.410076,13.410076,15.774274,15.542462,15.542462,17.803991,16.627047,16.627047,18.574867,17.595936,17.595936,19.206425,19.020287,19.020287,20.46287,21.531029,21.531029,22.78016,24.2612,24.2612,25.290102,25.755722,25.755722,26.530537,28.773315,28.773315,29.320663,28.478222,28.478222,28.881834,26.784481,26.784481,27.072151,28.037027,28.037027,28.251448,28.52529,28.52529,28.786283,28.726397,28.726397,28.913082,29.352503,29.352503,29.463257,29.861652,29.861652,30.030466,30.229023,30.229023,30.507313,30.162102,30.162102,30.749908,30.655258,30.655258,31.467642,31.989878,31.989878,32.807808;
P:0.040832285,0.040832285,0.040832285,0.6477063,0.6477063,0.6477063,-0.19769081,-0.19769081,-0.19769081,-1.5467687,-1.5467687,-1.5467687,-8.6653593E-4,-8.6653593E-4,-8.6653593E-4,1.1161823,1.1161823,1.1161823,1.096847,1.096847,1.096847,1.3637633,1.3637633,1.3637633,1.4778229,1.4778229,1.4778229,1.2769784,1.2769784,1.2769784,3.1213315,3.1213315,3.1213315,1.5937499,1.5937499,1.5937499,3.0807385,3.0807385,3.0807385,3.2126126,3.2126126,3.2126126,4.5405855,4.5405855,4.5405855,3.1912906,3.1912906,3.1912906,2.366952,2.366952,2.366952,4.147259,4.147259,4.147259,4.201255,4.201255,4.201255,3.9153028,3.9153028,3.9153028,3.268671,3.268671,3.268671,3.2667973,3.2667973,3.2667973,4.767989,4.767989,4.767989,5.0720763,5.0720763,5.0720763,4.704116,4.704116,4.704116,5.1542244,5.1542244,5.1542244;
R:97.25012,97.25012,97.25012,97.995255,97.995255,97.995255,99.13689,99.13689,99.13689,100.161835,100.161835,100.161835,100.06451,100.06451,100.06451,100.16567,100.16567,100.16567,101.16276,101.16276,101.16276,100.75024,100.75024,100.75024,99.01053,99.01053,99.01053,97.67997,97.67997,97.67997,96.7453,96.7453,96.7453,98.88079,98.88079,98.88079,100.37986,100.37986,100.37986,101.01836,101.01836,101.01836,103.81553,103.81553,103.81553,103.26058,103.26058,103.26058,100.412865,100.412865,100.412865,100.88879,100.88879,100.88879,101.28259,101.28259,101.28259,101.36372,101.36372,101.36372,102.457825,102.457825,102.457825,103.104355,103.104355,103.104355,102.45205,102.45205,102.45205,101.7056,101.7056,101.7056,101.80517,101.80517,101.80517,102.331985,102.331985,102.331985,
T:14,52,10

Ax:-9.670031,-9.737069,-9.808895,-9.744251,-9.727492,-9.648483,-9.689184,-9.607781,-9.502437,-9.454553,-9.6149645,-9.437794,-9.660454,-9.851991,-9.564686,-9.516802,-9.619753,-9.655665,-9.758616,-9.68679,-9.691579,-9.74904,-9.619753,-9.717916,-9.397092;
Ay:-1.0054151,-1.0628759,-1.0892122,-0.885705,-1.0197803,-1.302296,-1.2639889,-1.1514614,-1.2759598,-1.2304701,-1.0604817,-1.3525743,-1.4986206,-1.5584756,-1.527351,-1.278354,-1.6853683,-1.5441104,-1.8170495,-1.8577509,-1.6638205,-1.9942204,-1.9056349,-1.7787422,-1.2328643;
Az:-2.0762217,-1.8798972,-1.6356887,-1.7242742,-1.472883,-1.5423148,-1.4082395,-1.3244425,-1.4273931,-1.5925931,-1.259799,-1.199944,-1.2550106,-1.3388077,-1.3172598,-1.3483845,-0.9341876,-0.9701006,-0.56308633,-0.6109703,-0.5367501,-0.37873277,-0.5774515,-0.5942109,-0.5487211;
Gx:-0.10339958,-0.16774376,-0.23493104,-0.16355391,-0.14140753,-0.05626374,-0.09068039,-0.0031423897,0.10878654,0.16370355,0.007182605,0.18929157,-0.02932897,-0.21921909,0.06808511,0.11552023,0.01062427,-0.026485857,-0.13018471,-0.060902506,-0.06988076,-0.1316811,-0.011522096,-0.12554595,0.17537527;
Gy:-0.09053075,-0.11507132,-0.09726445,0.16086042,0.077811554,-0.15936404,-0.08035539,0.074220255,-0.009876082,0.07975684,0.28715456,0.0068833297,-0.12659341,-0.16086042,-0.09382278,0.20051439,-0.16519992,0.010025719,-0.2335843,-0.22924481,0.030226797,-0.23104046,-0.048482586,0.20186113,0.8734347;
Gz:-0.12330139,0.044143096,0.24241292,0.0887351,0.2805705,0.14769232,0.21652561,0.23163901,0.053420626,-0.19797055,0.07062895,0.08245032,-0.017357962,-0.14410101,-0.16564883,-0.250643,0.12330139,0.047734395,0.41569328,0.31783026,0.31423897,0.3752911,0.05925649,-0.10758944,-0.22610243;
Y:32.973286,32.973286,33.848217,33.28633,33.28633,34.309788,33.50342,33.50342,34.697983,34.49224,34.49224,35.69686,35.269413,35.269413,36.317955,37.431705,37.431705,38.17027,37.603683,37.603683,38.10245,37.563427,37.563427,38.002876,38.79172,38.79172,39.308723,39.686043,39.686043,40.14312,38.569485,38.569485,38.785065,39.621063,39.621063,39.559166,39.97822,39.97822,40.00411,40.245575,40.245575,40.580025,40.66876,40.66876,41.122448,40.49517,40.49517,40.742897,40.823586,40.823586,40.913414,40.53552,40.53552,40.71615,40.39771,40.39771,40.68333,41.005745,41.005745,41.33809,40.498825,40.498825,40.825615,41.445057,41.445057,41.786873,42.11767,42.11767,42.657627,42.20413,42.20413,42.980484,41.34055,41.34055,42.175266;
P:5.8044953,5.8044953,5.8044953,6.11752,6.11752,6.11752,6.250739,6.250739,6.250739,5.1146092,5.1146092,5.1146092,5.917769,5.917769,5.917769,7.5917587,7.5917587,7.5917587,7.3560376,7.3560376,7.3560376,6.7706904,6.7706904,6.7706904,7.563906,7.563906,7.563906,7.3132353,7.3132353,7.3132353,6.241075,6.241075,6.241075,8.091525,8.091525,8.091525,8.745632,8.745632,8.745632,8.908523,8.908523,8.908523,8.989316,8.989316,8.989316,7.575749,7.575749,7.575749,9.891685,9.891685,9.891685,9.040913,9.040913,9.040913,10.530533,10.530533,10.530533,10.835453,10.835453,10.835453,9.726781,9.726781,9.726781,11.552208,11.552208,11.552208,11.185376,11.185376,11.185376,10.353537,10.353537,10.353537,7.4617424,7.4617424,7.4617424;
R:102.11782,102.11782,102.11782,100.92742,100.92742,100.92742,99.46728,99.46728,99.46728,100.03478,100.03478,100.03478,98.61001,98.61001,98.61001,99.081924,99.081924,99.081924,98.26955,98.26955,98.26955,97.84881,97.84881,97.84881,98.542725,98.542725,98.542725,99.561554,99.561554,99.561554,97.464645,97.464645,97.464645,97.24585,97.24585,97.24585,97.40196,97.40196,97.40196,97.73864,97.73864,97.73864,97.84151,97.84151,97.84151,98.064255,98.064255,98.064255,95.546684,95.546684,95.546684,95.73723,95.73723,95.73723,93.30238,93.30238,93.30238,93.60901,93.60901,93.60901,93.16998,93.16998,93.16998,92.22472,92.22472,92.22472,93.43521,93.43521,93.43521,93.49905,93.49905,93.49905,93.34186,93.34186,93.34186,
T:14,52,11

Ax:-9.332449,-9.239075,-9.459341,-9.409063,-9.41864,-9.416245,-9.753828,-9.655665,-10.012402,-9.655665,-9.904663,-9.703549,-9.832837,-9.653272,-9.581446,-9.631723,-9.322872,-9.425822,-9.8376255,-9.626935,-9.780165,-10.096199,-9.957335,-9.923817,-9.92621,-9.9094515;
Ay:-1.1873744,-1.3501801,-2.2240636,-2.3677158,-2.3294086,-2.034922,-2.607136,-1.9559132,-1.764377,-1.4148235,-1.704522,-1.6279075,-1.6853683,-1.5632641,-1.7308582,-1.7140988,-1.8553567,-1.9439422,-1.9343654,-1.9630958,-1.8170495,-1.7021278,-1.7907132,-1.6183307,-1.4866496,-1.3884873;
Az:-0.46013564,-0.15607202,-0.15846622,-0.2685995,-0.6397008,-0.5128081,-0.47450083,-0.38112697,-0.18719664,-0.5415385,-0.405069,-0.5463269,-0.36676177,-0.4385878,-0.5391443,-0.5008371,-0.6013935,-0.5463269,-0.5367501,-0.5271733,-0.678008,-0.65646017,-0.5942109,-0.6085761,-0.45534724,-0.5128081;
Gx:0.21981764,0.29942486,0.07676409,0.13691841,0.13871406,0.15233108,-0.17163433,-0.058957215,-0.3990835,-0.032172084,-0.27623102,-0.07436989,-0.20425533,-0.024540568,0.050128598,0.005985504,0.32471362,0.23523031,-0.16250645,0.06000468,-0.0851438,-0.40013096,-0.26545712,-0.23777416,-0.24480712,-0.23014264;
Gy:1.0260651,0.927005,0.063296705,-0.12180501,-0.13332711,0.108936176,-0.53211135,0.03755904,0.13631986,0.41524437,0.08125322,0.13796587,0.08020575,0.20560206,0.026635494,0.010324995,-0.1906383,-0.36391866,-0.44966102,-0.5717653,-0.48796824,-0.37873277,-0.42841247,-0.20470424,-0.0350152,0.082300685;
Gz:-0.29927522,-0.08948329,-0.11432313,-0.20649989,-0.55844754,-0.3784335,-0.25483283,-0.061650693,0.19168578,-0.08185177,0.12030864,0.031124622,0.22191256,0.1364695,0.022595279,0.05925649,-0.03067571,0.035314474,0.06359598,0.10459669,-0.0362123,-0.019153614,0.025288755,-0.012719196,0.12300211,0.054168813;
Y:41.833866,41.833866,42.57261,42.33057,42.33057,43.079063,45.944576,45.944576,46.67244,47.458286,47.458286,47.857323,48.345337,48.345337,48.066654,46.896954,46.896954,46.108242,47.59215,47.59215,46.530544,44.441315,44.441315,43.20052,42.0633,42.0633,40.425278,40.4561,40.4561,38.549877,38.84813,38.84813,36.904663,37.163113,37.163113,35.365,34.968555,34.968555,33.13936,33.136776,33.136776,31.407082,32.141228,32.141228,30.725937,30.543598,30.543598,29.495144,30.327854,30.327854,29.555813,29.528841,29.528841,28.940348,28.62614,28.62614,28.15641,28.320835,28.320835,28.072104,28.11485,28.11485,28.100666,27.617186,27.617186,27.747585,27.821487,27.821487,28.092358,27.782413,27.782413,27.9887,27.204697,27.204697,27.352335,27.341461,27.341461,27.712484;
P:7.242123,7.242123,7.242123,8.313068,8.313068,8.313068,13.229181,13.229181,13.229181,14.119235,14.119235,14.119235,13.860882,13.860882,13.860882,12.177016,12.177016,12.177016,14.948064,14.948064,14.948064,11.4425745,11.4425745,11.4425745,9.992297,9.992297,9.992297,8.323206,8.323206,8.323206,9.756552,9.756552,9.756552,9.508709,9.508709,9.508709,9.719471,9.719471,9.719471,9.189383,9.189383,9.189383,10.224038,10.224038,10.224038,10.077599,10.077599,10.077599,11.2327,11.2327,11.2327,11.63407,11.63407,11.63407,11.108005,11.108005,11.108005,11.508782,11.508782,11.508782,10.500297,10.500297,10.500297,9.549769,9.549769,9.549769,10.177289,10.177289,10.177289,9.244938,9.244938,9.244938,8.509065,8.509065,8.509065,7.965691,7.965691,7.965691;
R:92.82268,92.82268,92.82268,90.96779,90.96779,90.96779,90.95975,90.95975,90.95975,91.63517,91.63517,91.63517,93.885475,93.885475,93.885475,93.11725,93.11725,93.11725,92.78511,92.78511,92.78511,92.2604,92.2604,92.2604,91.071106,91.071106,91.071106,93.210075,93.210075,93.210075,92.34191,92.34191,92.34191,93.22245,93.22245,93.22245,92.13612,92.13612,92.13612,92.601395,92.601395,92.601395,93.22061,93.22061,93.22061,92.97662,92.97662,92.97662,93.69089,93.69089,93.69089,93.31719,93.31719,93.31719,93.12302,93.12302,93.12302,93.1344,93.1344,93.1344,93.965675,93.965675,93.965675,93.72017,93.72017,93.72017,93.415115,93.415115,93.415115,93.509254,93.509254,93.509254,92.6265,92.6265,92.6265,92.96238,92.96238,92.96238,
