T:14,05,55
Ax:-2.5269303,-2.2300491,-2.1845593,-2.249203,-2.3976433,-2.45271,-2.356942,-2.3377883,-2.285116,-2.929156,-2.440739,-2.4239795,-2.4191911,-2.4742577,-2.4622867,-2.4335563,-2.4455273,-2.4359505,-2.5125651,-2.4958057,-2.620304,-2.546084,-2.6993127,-2.7328317,-2.8118403;
Ay:-7.6702743,-7.588871,-7.6630917,-7.6583033,-7.6966105,-7.7109756,-7.7421002,-7.7421002,-7.6702743,-8.424448,-7.677457,-7.725341,-7.7588596,-7.761254,-7.7325234,-7.703793,-7.725341,-7.691822,-7.797167,-7.763648,-7.7301292,-7.6702743,-7.543381,-7.5769,-7.679851;
Az:5.5514054,5.5992894,5.65675,5.651962,5.618443,5.5394344,5.474791,5.5657706,5.5992894,5.7597013,5.412542,5.472397,5.4556375,5.5633764,5.6016836,5.549011,5.450849,5.522675,5.3957825,5.376629,5.4316955,5.5657706,5.58253,5.525069,5.6375966;
Gx:-0.058508303,0.1678934,0.14933833,0.056563016,-0.09053075,-0.13796587,-0.037409402,-0.0163105,0.044143096,-0.5883751,-0.13452421,-0.09920973,-0.07496844,-0.112377845,-0.087089084,-0.049530048,-0.050876785,-0.02873042,-0.08664017,-0.04504092,-0.14454992,-0.03815759,-0.16071078,-0.15233108,-0.18644845;
Gy:-0.12060791,-0.005985504,-0.06284779,-0.045789108,-0.07511808,-0.06943185,-0.08484452,-0.07930793,-0.011821371,-0.76928693,0.028281508,-0.0074818805,-0.050128598,-0.053869538,-0.027084406,-0.0025438394,-0.028281508,0.0062847794,-0.09861118,-0.07107786,-0.04129998,0.015562311,0.12554595,0.03995324,-0.12120646;
Gz:-0.20006548,-0.13826515,-0.08439561,-0.08439561,-0.10519524,-0.15427637,-0.19602527,-0.096815534,-0.06569091,0.09487024,-0.19767128,-0.11327567,-0.13467385,-0.02124854,0.020051438,-0.034715924,-0.1340753,-0.05551555,-0.17372926,-0.19033903,-0.12913725,0.015263036,0.022445641,-0.08693945,-0.032022446;
Y:62.1791,62.1791,62.59805,64.26966,64.26966,64.32007,64.74415,64.74415,64.63905,64.22161,64.22161,64.14119,63.292282,63.292282,63.093567,62.769276,62.769276,62.518566,63.18209,63.18209,63.11904,63.253418,63.253418,63.306194,63.50837,63.50837,63.469395,60.85881,60.85881,60.661247,62.244907,62.244907,61.904827,62.11881,62.11881,61.86554,61.95302,61.95302,62.020966,61.701458,61.701458,61.839207,61.867916,61.867916,61.728195,61.845642,61.845642,61.50762,61.45151,61.45151,61.164787,61.17983,61.17983,61.02628,60.69257,60.69257,60.599842,60.639942,60.639942,60.532154,59.70917,59.70917,59.584644,59.982018,59.982018,59.9318,58.795082,58.795082,58.888893,58.727543,58.727543,59.002117,58.77756,58.77756,59.181534;
P:51.507988,51.507988,51.507988,51.543606,51.543606,51.543606,51.6449,51.6449,51.6449,51.53957,51.53957,51.53957,51.561653,51.561653,51.561653,51.84497,51.84497,51.84497,52.407623,52.407623,52.407623,52.055107,52.055107,52.055107,51.74599,51.74599,51.74599,52.51098,52.51098,52.51098,52.283203,52.283203,52.283203,52.23323,52.23323,52.23323,52.433273,52.433273,52.433273,51.885517,51.885517,51.885517,51.644436,51.644436,51.644436,51.81425,51.81425,51.81425,52.283813,52.283813,52.283813,51.877487,51.877487,51.877487,52.64309,52.64309,52.64309,52.63772,52.63772,52.63772,52.040253,52.040253,52.040253,51.411926,51.411926,51.411926,50.57879,50.57879,50.57879,50.870827,50.870827,50.870827,50.637375,50.637375,50.637375;
R:24.474432,24.474432,24.474432,21.716087,21.716087,21.716087,21.11588,21.11588,21.11588,21.700125,21.700125,21.700125,23.11013,23.11013,23.11013,23.882452,23.882452,23.882452,23.292269,23.292269,23.292269,22.783848,22.783848,22.783848,22.200775,22.200775,22.200775,26.956087,26.956087,26.956087,24.272581,24.272581,24.272581,23.890783,23.890783,23.890783,23.913916,23.913916,23.913916,23.976645,23.976645,23.976645,23.72846,23.72846,23.72846,23.68018,23.68018,23.68018,24.163424,24.163424,24.163424,23.801394,23.801394,23.801394,24.969206,24.969206,24.969206,24.900505,24.900505,24.900505,25.753124,25.753124,25.753124,24.581915,24.581915,24.581915,25.805094,25.805094,25.805094,26.318102,26.318102,26.318102,26.508451,26.508451,26.508451,
T:14,05,56
Ax:-2.7663505,-2.845359,-2.854936,-3.02253,-2.9722517,-3.0728083,-2.9770403,-3.0201359,-3.343353,-3.1494226,-2.974646,-3.5540428,-3.1015387,-3.2380083,-3.130269,-3.0632315,-3.2906806,-3.2308257,-3.319411,-3.3122284,-3.3649008,-3.3936312,-3.3265936,-3.2188547,-3.1230865,-3.0752025;
Ay:-7.5218334,-7.3997293,-7.3183265,-7.2249527,-7.299173,-7.0741177,-7.0334163,-6.9783497,-7.0022917,-6.9735613,-6.659921,-6.6455555,-6.509086,-6.5521817,-6.396559,-6.3319154,-6.5138745,-6.401347,-6.4396544,-6.449231,-6.396559,-6.396559,-6.5473933,-6.3821936,-6.348675,-6.4420485;
Az:5.6375966,5.7142115,5.984756,5.8961706,6.066159,5.972785,6.130802,6.193052,6.128408,6.3582516,6.458808,6.4755673,6.6886516,6.669498,6.6623154,6.626402,6.580912,6.6072483,6.655133,6.6431613,6.5952773,6.6000657,6.6455555,6.638373,6.6766806,6.743718;
Gx:-0.09950901,-0.15008652,-0.12419921,-0.24794951,-0.14395137,-0.19288288,-0.046387658,-0.036361936,-0.30556,-0.05701193,0.19572599,-0.3196259,0.18210897,0.08798691,0.2220622,0.30047232,0.069731124,0.11626842,0.024690205,0.02873042,-0.03561375,-0.08125322,-0.0362123,0.041150343,0.09606735,0.095169514;
Gy:-0.022744916,0.018704701,0.006135142,0.021547815,-0.12644377,0.042197805,0.010025719,0.0019452889,-0.09202713,-0.142455,0.0827496,0.023493104,0.09891046,-0.0055365916,0.10908581,0.13856442,-0.07407062,0.01062427,-0.050727148,-0.06120178,-0.017806875,-0.028431145,-0.1719336,0.0019452889,0.029777884,-0.06748656;
Gz:-0.09142858,-0.10594343,0.06314707,-0.10055647,0.006135142,-0.12928689,-0.03127426,-0.015263036,-0.13198037,0.03815759,0.08259996,0.05431845,0.22924481,0.16938977,0.13482349,0.06988076,-0.0074818805,-0.015113398,0.009127894,-0.0052373162,-0.067935474,-0.081702136,-0.03995324,-0.053869538,-0.04070143,-4.4891282E-4;
Y:59.16217,59.16217,59.49439,58.85759,58.85759,59.118786,58.986217,58.986217,59.36909,58.312645,58.312645,58.906544,59.345287,59.345287,60.100346,59.148216,59.148216,59.879517,60.30635,60.30635,60.754,60.439335,60.439335,60.602676,59.126297,59.126297,59.49583,60.3492,60.3492,61.102955,61.16256,61.16256,61.846733,59.386806,59.386806,59.886093,61.361485,61.361485,61.957897,61.52241,61.52241,62.239544,62.296482,62.296482,62.963634,63.089043,63.089043,63.58819,63.144066,63.144066,63.40771,63.356533,63.356533,63.431072,63.150085,63.150085,63.129936,63.188606,63.188606,63.00349,62.68266,62.68266,62.28981,62.17491,62.17491,61.793972,62.41334,62.41334,62.40034,62.414303,62.414303,62.783077,63.05257,63.05257,63.43883,63.83148,63.83148,64.14383;
P:50.142548,50.142548,50.142548,49.21703,49.21703,49.21703,47.82157,47.82157,47.82157,47.47717,47.47717,47.47717,47.216568,47.216568,47.216568,46.483894,46.483894,46.483894,45.90196,45.90196,45.90196,45.364098,45.364098,45.364098,45.086945,45.086945,45.086945,44.503387,44.503387,44.503387,43.124348,43.124348,43.124348,41.976387,41.976387,41.976387,41.43987,41.43987,41.43987,41.46903,41.46903,41.46903,40.989788,40.989788,40.989788,40.937214,40.937214,40.937214,41.51859,41.51859,41.51859,41.034874,41.034874,41.034874,40.889015,40.889015,40.889015,40.984287,40.984287,40.984287,40.82455,40.82455,40.82455,40.758183,40.758183,40.758183,41.380474,41.380474,41.380474,40.862324,40.862324,40.862324,40.73844,40.73844,40.73844,40.995945,40.995945,40.995945;
R:26.13704,26.13704,26.13704,26.470747,26.470747,26.470747,25.502756,25.502756,25.502756,27.140854,27.140854,27.140854,26.103588,26.103588,26.103588,27.224382,27.224382,27.224382,25.900625,25.900625,25.900625,25.99688,25.99688,25.99688,28.614674,28.614674,28.614674,26.350521,26.350521,26.350521,24.72874,24.72874,24.72874,28.75969,28.75969,28.75969,24.877232,24.877232,24.877232,25.896343,25.896343,25.896343,25.166346,25.166346,25.166346,24.810003,24.810003,24.810003,26.566614,26.566614,26.566614,26.057802,26.057802,26.057802,26.508856,26.508856,26.508856,26.500486,26.500486,26.500486,27.03061,27.03061,27.03061,27.211386,27.211386,27.211386,26.591366,26.591366,26.591366,25.8681,25.8681,25.8681,25.068329,25.068329,25.068329,24.513458,24.513458,24.513458,
T:14,05,57
Ax:-3.0177417,-2.9937997,-2.9578865,-2.917185,-2.833388,-2.809446,-2.6993127,-2.608333,-2.5724201,-2.4383447,-2.2922986,-2.1701941,-2.1869535,-1.9355625,-1.8062755,-1.8445828,-1.7176901,-1.6003742,-1.5285481,-1.3872902,-1.1263223,-0.97309333,-0.8629601,-0.71930796,-0.5828385;
Ay:-6.4923267,-6.43726,-6.4181066,-6.449231,-6.5019035,-6.4324718,-6.4683847,-6.5258455,-6.6240077,-6.7580833,-6.863428,-6.863428,-6.8706107,-6.983138,-7.064541,-7.38297,-7.4883146,-7.701399,-7.859416,-7.835474,-7.763648,-7.751677,-7.739706,-7.9839144,-8.02701;
Az:6.765266,6.681469,6.8538513,6.719776,6.837092,6.7939963,6.839486,6.8418803,6.7868137,6.81315,6.755689,6.7269588,6.5857005,6.657527,6.5114803,6.360646,6.219388,6.1379848,5.963208,5.8602576,5.7118173,5.7956142,5.642385,5.6232314,5.5035214;
Gx:0.09651626,0.059705406,0.037708677,0.021697452,0.049530048,0.020500353,0.07706337,0.1074398,0.07227496,0.13467385,0.1997662,0.2287959,0.10399814,0.24974516,0.23493104,0.026485857,-0.013018472,-0.051624972,-0.13482349,-0.14784196,-0.039055414,-0.03561375,-0.06344634,-0.033369187,0.016609775;
Gy:-0.117016606,-0.05746084,-0.03546411,-0.06374562,-0.10070611,-0.015113398,-0.038456865,-0.073621705,-0.13826515,-0.22909518,-0.27563247,-0.20245968,-0.12808979,-0.14859015,-0.11312603,-0.29314008,-0.25169045,-0.32007483,-0.3470096,-0.19243397,-0.022296004,0.04818331,0.10758944,-0.09142858,-0.09202713;
Gz:-0.0043394906,-0.11162966,0.037708677,-0.11836334,-0.010025719,-0.06015432,-0.024839843,-0.025737667,-0.07691373,-0.03696049,-0.067935474,-0.058807578,-0.15682021,-0.027084406,-0.09771336,-0.15128362,-0.17567454,-0.13003507,-0.18435353,-0.15786767,-0.20934302,-0.07407062,-0.18435353,-0.15696985,-0.22774844;
Y:64.494446,64.494446,64.87353,64.8866,64.8866,65.278046,65.238,65.238,65.47983,65.842186,65.842186,65.97702,66.37249,66.37249,66.54309,66.490524,66.490524,66.647934,67.17218,67.17218,67.263565,67.80857,67.80857,67.71553,68.191055,68.191055,67.83443,68.77561,68.77561,68.254234,69.2788,69.2788,68.63188,69.24789,69.24789,68.633156,68.73048,68.73048,68.24115,69.70465,69.70465,69.21892,70.31821,70.31821,69.9426,70.79396,70.79396,70.60003,71.8056,71.8056,71.69751,73.06707,73.06707,73.024765,74.10423,74.10423,74.053566,75.111176,75.111176,74.967224,76.91216,76.91216,76.64206,77.611824,77.611824,77.20689,78.27022,78.27022,77.755486,79.40692,79.40692,79.01635,80.42265,80.42265,80.25101;
P:41.231876,41.231876,41.231876,41.322674,41.322674,41.322674,40.688087,40.688087,40.688087,41.359444,41.359444,41.359444,41.300083,41.300083,41.300083,41.18373,41.18373,41.18373,41.33833,41.33833,41.33833,41.708706,41.708706,41.708706,42.385216,42.385216,42.385216,43.042713,43.042713,43.042713,43.8926,43.8926,43.8926,44.157257,44.157257,44.157257,44.714916,44.714916,44.714916,45.205666,45.205666,45.205666,46.27311,46.27311,46.27311,48.10709,48.10709,48.10709,49.250515,49.250515,49.250515,50.523724,50.523724,50.523724,51.929676,51.929676,51.929676,52.45467,52.45467,52.45467,53.134487,53.134487,53.134487,52.83333,52.83333,52.83333,53.591408,53.591408,53.591408,54.622997,54.622997,54.622997,55.415306,55.415306,55.415306;
R:24.039932,24.039932,24.039932,24.135962,24.135962,24.135962,23.343367,23.343367,23.343367,23.4666,23.4666,23.4666,22.509811,22.509811,22.509811,22.46602,22.46602,22.46602,21.537462,21.537462,21.537462,20.86837,20.86837,20.86837,20.758316,20.758316,20.758316,19.691679,19.691679,19.691679,18.742785,18.742785,18.742785,17.880299,17.880299,17.880299,18.370092,18.370092,18.370092,16.210888,16.210888,16.210888,15.503939,15.503939,15.503939,16.172123,16.172123,16.172123,15.439255,15.439255,15.439255,14.61354,14.61354,14.61354,14.37707,14.37707,14.37707,13.31837,13.31837,13.31837,11.1551285,11.1551285,11.1551285,9.531157,9.531157,9.531157,8.695573,8.695573,8.695573,7.289528,7.289528,7.289528,6.045253,6.045253,6.045253,
T:14,05,58
Ax:-0.38651395,-0.31947628,-0.4870704,-0.50861824,-0.5588965,-0.50382984,-0.52777183,-0.6355109,-0.70015436,-0.7743746,-0.8797195,-0.8892963,-0.9132383,-0.95872813,-1.0353426,-1.2029368,-1.2268788,-1.3418005,-1.4016554,-1.4734815,-1.5237597,-1.5213655,-1.5189713,-1.5429133,-1.5955858,-1.6362872;
Ay:-7.909694,-8.050952,-8.096442,-8.038981,-8.067712,-8.180239,-8.012645,-8.048558,-8.050952,-7.892935,-7.880964,-7.8043494,-7.8067436,-7.785196,-7.95279,-7.897723,-7.813926,-7.655909,-7.6942163,-7.677457,-7.766042,-7.727735,-7.7109756,-7.6846395,-7.7325234,-7.727735;
Az:5.2641015,5.3383217,5.424513,5.4293013,5.4077535,5.460426,5.4293013,5.4436665,5.584924,5.6471734,5.654356,5.7237883,5.766884,5.7525187,5.778855,5.790826,5.9201126,5.83871,5.996727,5.9296894,5.7980084,5.888988,5.8722286,5.879411,5.8482866,5.817162;
Gx:0.14200608,0.14978725,-0.052971713,-0.08185177,-0.12419921,-0.045938745,-0.03606266,-0.106093064,-0.119859725,-0.13542204,-0.1798644,-0.119261175,-0.058957215,-0.013766659,-8.9782564E-4,-0.08364742,-0.024839843,-0.06658874,-0.06344634,-0.07915829,-0.081103586,-0.038307227,-0.0032920274,-0.0011971008,-0.03546411,-0.06239888;
Gy:0.05581483,-0.05192425,-0.06868366,-0.005686229,-0.034865562,-0.14544775,0.020201078,-0.033518825,-0.05267244,0.087538,0.074220255,0.12434885,0.08604162,0.06958149,-0.13153146,-0.09816227,-0.04818331,0.07706337,0.011971008,0.008978256,-0.08200141,-0.046387658,-0.03815759,-0.019602526,-0.07287352,-0.06374562;
Gz:-0.43185413,-0.3155857,-0.19123685,-0.17911622,-0.20066403,-0.14350246,-0.17447744,-0.18210897,-0.05955577,-0.0163105,-0.03755904,0.004189853,0.009726444,-0.042347442,-0.045938745,-0.04743512,0.05327099,-0.05581483,0.08095395,0.0013467384,-0.12195465,-0.02439093,-0.043993454,-0.040252518,-0.07332243,-0.09531915;
Y:82.19028,82.19028,82.13854,82.820595,82.820595,82.85655,81.32776,81.32776,81.49928,81.21089,81.21089,81.48038,81.13737,81.13737,81.28476,81.84969,81.84969,81.70293,81.27865,81.27865,81.02359,80.15668,80.15668,80.0164,79.292984,79.292984,79.16414,78.23048,78.23048,78.018074,77.1726,77.1726,76.95682,76.67732,76.67732,76.66236,76.438515,76.438515,76.67583,76.31601,76.31601,76.721794,76.41002,76.41002,76.906654,75.56064,75.56064,75.89582,75.47433,75.47433,75.53995,74.51183,74.51183,74.413315,73.96136,73.96136,73.73672,73.25991,73.25991,73.065636,72.93997,72.93997,72.956436,72.85934,72.85934,72.95524,72.951294,72.951294,72.95678,72.74001,72.74001,72.76339,72.50626,72.50626,72.70716,72.432755,72.432755,72.65436;
P:56.284153,56.284153,56.284153,56.40577,56.40577,56.40577,56.07197,56.07197,56.07197,55.84983,55.84983,55.84983,56.025307,56.025307,56.025307,56.164085,56.164085,56.164085,55.753532,55.753532,55.753532,55.74723,55.74723,55.74723,55.04155,55.04155,55.04155,54.16442,54.16442,54.16442,54.016533,54.016533,54.016533,53.416847,53.416847,53.416847,53.206795,53.206795,53.206795,53.16325,53.16325,53.16325,53.564697,53.564697,53.564697,53.171177,53.171177,53.171177,52.26964,52.26964,52.26964,51.956093,51.956093,51.956093,51.32664,51.32664,51.32664,51.485847,51.485847,51.485847,52.33413,52.33413,52.33413,51.7945,51.7945,51.7945,51.811176,51.811176,51.811176,51.656273,51.656273,51.656273,51.90473,51.90473,51.90473,51.975403,51.975403,51.975403;
R:4.1993775,4.1993775,4.1993775,3.4248283,3.4248283,3.4248283,5.1308646,5.1308646,5.1308646,5.351863,5.351863,5.351863,5.9006243,5.9006243,5.9006243,5.271716,5.271716,5.271716,5.552167,5.552167,5.552167,6.6587496,6.6587496,6.6587496,7.1456094,7.1456094,7.1456094,7.808048,7.808048,7.808048,8.843328,8.843328,8.843328,8.831348,8.831348,8.831348,8.998581,8.998581,8.998581,9.46208,9.46208,9.46208,10.157377,10.157377,10.157377,11.735235,11.735235,11.735235,11.708187,11.708187,11.708187,12.942486,12.942486,12.942486,13.155942,13.155942,13.155942,13.954905,13.954905,13.954905,14.724781,14.724781,14.724781,14.485132,14.485132,14.485132,14.502832,14.502832,14.502832,14.704363,14.704363,14.704363,15.260577,15.260577,15.260577,15.710557,15.710557,15.710557,
T:14,05,59
Ax:-1.633893,-1.6602292,-1.5668554,-1.586009,-1.6147394,-1.6051626,-1.5931916,-1.5453075,-1.5285481,-1.5213655,-1.4926351,-1.5261539,-1.5548843,-1.5022119,-1.4639047,-1.5165771,-1.5022119,-1.4399626,-1.4375684,-1.4016554,-1.442357,-1.4734815,-1.3872902,-1.3825018,-1.4854525;
Ay:-7.8881464,-7.6966105,-7.679851,-7.6870337,-7.725341,-7.7564654,-7.749283,-7.766042,-7.7181582,-7.727735,-7.789984,-7.799561,-7.8043494,-7.811532,-7.799561,-7.7564654,-7.775619,-7.813926,-7.8043494,-7.797167,-7.763648,-7.8067436,-7.8402624,-7.778013,-7.7923784;
Az:5.8123736,5.8578634,5.817162,5.826739,5.819556,5.7980084,5.781249,5.805191,5.7237883,5.8099794,5.826739,5.721394,5.7716722,5.6878753,5.7644897,5.7597013,5.79322,5.7166057,5.671116,5.7237883,5.67351,5.757307,5.742942,5.6902695,5.7285767;
Gx:-0.051475335,-0.07571663,0.015562311,-0.01316811,-0.05581483,-0.058957215,-0.058807578,-0.024241293,-0.024540568,-0.03247136,-0.014963761,-0.059705406,-0.09771336,-0.04938041,-0.013018472,-0.065092355,-0.050128598,0.012569559,0.013617022,0.048482586,0.0058358666,-0.027533319,0.055066638,0.057161566,-0.048033673;
Gy:-0.21622634,-0.01810615,-0.0032920274,-0.0038905777,-0.031423897,-0.050876785,-0.036511578,-0.049530048,0.0053869537,-0.0026934769,-0.05925649,-0.062249243,-0.05955577,-0.061501056,-0.04309563,0.004489128,-0.01436521,-0.055216275,-0.048931498,-0.042197805,-0.005087679,-0.049230773,-0.07870938,-0.014664485,-0.026186582;
Gz:-0.087538,-0.032770637,-0.07676409,-0.06120178,-0.057909753,-0.06748656,-0.07796119,-0.05267244,-0.12913725,-0.044592008,-0.023343466,-0.12270284,-0.06494272,-0.14275427,-0.05805939,-0.05686229,-0.022744916,-0.102651395,-0.15278,-0.10100538,-0.14709377,-0.065092355,-0.07511808,-0.12599486,-0.08439561;
Y:72.9654,72.9654,72.98715,72.430954,72.430954,72.325066,72.959755,72.959755,72.818954,72.69389,72.69389,72.515785,72.394135,72.394135,72.21437,72.35045,72.35045,72.21187,72.291214,72.291214,72.24684,72.59833,72.59833,72.7109,72.79115,72.79115,73.07132,73.08441,73.08441,73.33162,73.63848,73.63848,73.69764,73.54238,73.54238,73.55266,73.32832,73.32832,73.38202,73.820984,73.820984,73.85014,74.05585,74.05585,74.11459,73.66119,73.66119,73.82025,73.93777,73.93777,74.05946,74.62724,74.62724,74.54119,74.57223,74.57223,74.32846,74.54003,74.54003,74.360016,74.03626,74.03626,74.01849,73.81781,73.81781,73.93217,74.62695,74.62695,74.82841,74.787895,74.787895,75.019196,74.26756,74.26756,74.45478;
P:52.56924,52.56924,52.56924,51.65339,51.65339,51.65339,51.88747,51.88747,51.88747,51.847744,51.847744,51.847744,51.98285,51.98285,51.98285,52.202,52.202,52.202,52.26563,52.26563,52.26563,52.276604,52.276604,52.276604,52.490555,52.490555,52.490555,52.14626,52.14626,52.14626,52.32717,52.32717,52.32717,52.79415,52.79415,52.79415,52.55105,52.55105,52.55105,53.016407,53.016407,53.016407,52.673084,52.673084,52.673084,52.480137,52.480137,52.480137,52.41488,52.41488,52.41488,52.96748,52.96748,52.96748,53.143158,53.143158,53.143158,52.91889,52.91889,52.91889,52.982807,52.982807,52.982807,52.719845,52.719845,52.719845,52.999695,52.999695,52.999695,53.025124,53.025124,53.025124,52.784615,52.784615,52.784615;
R:15.70099,15.70099,15.70099,15.823731,15.823731,15.823731,15.074883,15.074883,15.074883,15.226728,15.226728,15.226728,15.50762,15.50762,15.50762,15.474601,15.474601,15.474601,15.407097,15.407097,15.407097,14.906135,14.906135,14.906135,14.952019,14.952019,14.952019,14.673664,14.673664,14.673664,14.368473,14.368473,14.368473,14.935614,14.935614,14.935614,15.077489,15.077489,15.077489,14.794449,14.794449,14.794449,14.249168,14.249168,14.249168,14.751622,14.751622,14.751622,14.536921,14.536921,14.536921,14.138182,14.138182,14.138182,14.224261,14.224261,14.224261,13.759949,13.759949,13.759949,14.263935,14.263935,14.263935,14.355701,14.355701,14.355701,13.580455,13.580455,13.580455,13.655926,13.655926,13.655926,14.536948,14.536948,14.536948,
T:14,06,00
Ax:-1.4878467,-1.442357,-1.4160206,-1.396867,-1.4447511,-1.4351742,-1.4854525,-1.4926351,-1.4375684,-1.4662989,-1.4615105,-1.372925,-1.3896844,-1.4710873,-1.4734815,-1.4160206,-1.360954,-1.3944728,-1.3896844,-1.4016554,-1.4351742,-1.3585598,-1.384896,-1.454328,-1.3753192,-1.3346179;
Ay:-7.8665986,-7.8665986,-7.7804074,-7.7444944,-7.801955,-7.811532,-7.766042,-7.785196,-7.7229466,-7.773225,-7.785196,-7.7804074,-7.7708306,-7.749283,-7.8402624,-7.78759,-7.7708306,-7.7349176,-7.78759,-7.7923784,-7.8282914,-7.797167,-7.7804074,-7.773225,-7.778013,-7.775619;
Az:5.721394,5.707029,5.7620955,5.843498,5.8123736,5.766884,5.8123736,5.668721,5.671116,5.83871,5.7501245,5.757307,5.8339214,5.7620955,5.7046347,5.742942,5.8004026,5.8004026,5.7956142,5.6902695,5.709423,5.757307,5.853075,5.831527,5.802797,5.7836432;
Gx:-0.05207389,-0.008828619,0.013766659,0.027084406,-0.026036944,-0.020350715,-0.07287352,-0.08020575,-0.025288755,-0.054019175,-0.051774614,0.03561375,0.0175076,-0.06404489,-0.0664391,-0.010025719,0.043544542,0.006434417,0.00808043,-0.007631518,-0.043544542,0.030376434,2.992752E-4,-0.0724246,0.0028431145,0.03995324;
Gy:-0.09995792,-0.095768064,-0.00808043,0.022445641,-0.042347442,-0.052822076,-0.0068833297,-0.02813187,0.033967737,-0.019003976,-0.03007716,-0.027982233,-0.021547815,-1.496376E-4,-0.09187749,-0.034117375,-0.0175076,0.015412673,-0.038456865,-0.04129998,-0.07691373,-0.043993454,-0.027533319,-0.020051438,-0.024091655,-0.022744916;
Gz:-0.09127894,-0.10070611,-0.044592008,0.02813187,-0.014065935,-0.061501056,-0.016011223,-0.16250645,-0.16056114,0.0035913025,-0.08439561,-0.08095395,-0.008978256,-0.081103586,-0.13946225,-0.094570965,-0.037708677,-0.042646717,-0.049829323,-0.15337855,-0.13437457,-0.084694885,0.009576807,-0.012120646,-0.041000705,-0.06239888;
Y:74.57501,74.57501,74.60176,74.94392,74.94392,74.70794,74.70419,74.70419,74.25436,74.26143,74.26143,73.812706,73.60538,73.60538,73.276115,73.39452,73.39452,73.135155,72.66421,72.66421,72.62386,72.69875,72.69875,72.991684,73.27606,73.27606,73.64232,73.41573,73.41573,73.6864,73.80049,73.80049,73.95473,74.58016,74.58016,74.6401,74.44319,74.44319,74.503105,73.93178,73.93178,73.945564,74.12322,74.12322,74.17479,74.474205,74.474205,74.78468,75.10842,75.10842,75.49075,75.182556,75.182556,75.23667,75.37239,75.37239,75.081116,75.079254,75.079254,74.70103,74.5079,74.5079,74.23281,74.69367,74.69367,74.613266,74.3101,74.3101,74.500755,74.01381,74.01381,74.39162,74.98496,74.98496,75.34475,75.65002,75.65002,75.9007;
P:53.075428,53.075428,53.075428,53.192963,53.192963,53.192963,52.669937,52.669937,52.669937,52.19588,52.19588,52.19588,52.488033,52.488033,52.488033,52.73719,52.73719,52.73719,52.31428,52.31428,52.31428,53.02171,53.02171,53.02171,52.854416,52.854416,52.854416,52.243828,52.243828,52.243828,52.68964,52.68964,52.68964,52.738884,52.738884,52.738884,52.340763,52.340763,52.340763,52.49682,52.49682,52.49682,53.075592,53.075592,53.075592,52.7821,52.7821,52.7821,52.522476,52.522476,52.522476,52.358257,52.358257,52.358257,52.572918,52.572918,52.572918,53.05453,53.05453,53.05453,53.056065,53.056065,53.056065,52.813736,52.813736,52.813736,52.294,52.294,52.294,52.289345,52.289345,52.289345,52.521927,52.521927,52.521927,52.643166,52.643166,52.643166;
R:14.576882,14.576882,14.576882,14.18355,14.18355,14.18355,13.806699,13.806699,13.806699,13.444058,13.444058,13.444058,13.95882,13.95882,13.95882,13.975009,13.975009,13.975009,14.336067,14.336067,14.336067,14.751752,14.751752,14.751752,14.224262,14.224262,14.224262,14.097382,14.097382,14.097382,14.260904,14.260904,14.260904,13.412628,13.412628,13.412628,13.39859,13.39859,13.39859,14.3219185,14.3219185,14.3219185,14.482702,14.482702,14.482702,13.850975,13.850975,13.850975,13.204511,13.204511,13.204511,13.517924,13.517924,13.517924,13.483927,13.483927,13.483927,13.837895,13.837895,13.837895,14.110065,14.110065,14.110065,13.277284,13.277284,13.277284,13.311937,13.311937,13.311937,14.003375,14.003375,14.003375,13.333626,13.333626,13.333626,12.993968,12.993968,12.993968,
