T:23,36,39

 -2.791639; 5.813122; 8.429984;;;; 0.0; -0.0; -0.0,
T:23,36,40

Ax:-2.9712043,-2.7700913,-2.7389667,-2.6599581,-2.815581,-2.777274,-2.8443117,-2.966416,-2.908955,-2.89459,-2.8491,-2.8107927,-2.741361,-2.5809495,-2.6384103,-2.7150247,-2.693477,-2.6719291,-2.6599581,-2.7820623,-2.8203697,-2.7006595,-2.7964275,-2.753332,-3.074155;
Ay:5.899313,5.851429,5.781997,5.6910176,5.686229,5.707777,5.7269306,5.695806,5.7245364,5.734113,5.753267,5.777209,5.7005944,5.66947,5.767632,5.66947,5.7508726,5.734113,5.568913,5.7724204,5.8346696,5.6982,5.7867856,5.6982,5.7628436;
Az:8.039729,8.094796,8.1402855,8.195353,8.248025,8.078036,8.161834,8.329428,8.221688,8.118738,8.190564,8.12592,8.157045,8.1881695,8.109161,8.197746,8.1163435,8.204929,8.259995,8.099585,8.0684595,8.238448,8.183381,8.157045,7.872135;
Gx:-1.865532,-2.045097,-0.15622166,-0.119859725,-0.035314474,-0.20081367,-0.16983868,-0.2570774,-0.3878607,-0.33713353,-0.33324295,-0.29613283,-0.27353755,-0.20994157,-0.05925649,-0.12823942,-0.2033575,-0.17956513,-0.15652093,-0.1467945,-0.27383682,-0.30032268,-0.17208324,-0.26021978,-0.20515315;
Gy:0.9401731,1.0263643,0.46327803,0.40162733,0.3302502,0.3357868,0.370802,0.38322192,0.3576339,0.40806174,0.41584292,0.42796355,0.461632,0.37753567,0.3532944,0.4676175,0.36077628,0.45130703,0.4281132,0.25932196,0.4786907,0.5231331,0.37828386,0.47689506,0.38217443;
Gz:-0.029628245,-0.41988313,0.32920274,0.37095162,0.41449618,0.45669398,0.27503392,0.35673606,0.5175965,0.39294836,0.2877531,0.3616741,0.28520927,0.3196259,0.3429694,0.24929625,0.3441665,0.25737667,0.35075054,0.40761283,0.23493104,0.21951836,0.39803603,0.33848026,0.3203741;
Y:0.0,0.0,0.0,30.375559,27.921957,27.921957,27.968288,27.767431,27.767431,28.339666,27.583736,27.583736,28.809092,30.858095,30.858095,31.761753,31.352505,31.352505,31.436752,32.13368,32.13368,32.2905,33.846584,33.846584,34.861153,34.074238,34.074238,35.608635,35.462177,35.462177,36.962513,36.22084,36.22084,37.427063,36.85554,36.85554,37.507446,37.02187,37.02187,37.177925,35.244495,35.244495,35.261677,35.537575,35.537575,35.69939,37.15656,37.15656,37.0834,36.403557,36.403557,35.724056,35.479416,35.479416,34.58281,35.288235,35.288235,34.15049,34.820408,34.820408,33.493046,33.71824,33.71824,32.63479,31.52882,31.52882,30.945812,31.84909,31.84909,32.004894,31.888124,31.888124,32.858456,36.83432;
P:-0.0,-0.0,-0.0,-34.53856,-34.369232,-34.369232,-34.369232,-33.948753,-33.948753,-33.948753,-33.444798,-33.444798,-33.444798,-33.121956,-33.121956,-33.121956,-33.750515,-33.750515,-33.750515,-33.528076,-33.528076,-33.528076,-32.788998,-32.788998,-32.788998,-33.28082,-33.28082,-33.28082,-33.63437,-33.63437,-33.63437,-33.56165,-33.56165,-33.56165,-33.89714,-33.89714,-33.89714,-33.522324,-33.522324,-33.522324,-33.439545,-33.439545,-33.439545,-34.072453,-34.072453,-34.072453,-33.285675,-33.285675,-33.285675,-33.92047,-33.92047,-33.92047,-33.604618,-33.604618,-33.604618,-32.690243,-32.690243,-32.690243,-33.98109,-33.98109,-33.98109,-34.31907,-34.31907,-34.31907,-33.314774,-33.314774,-33.314774,-33.78838,-33.78838,-33.78838,-33.49953,-33.49953,-33.49953,-34.290287;
R:-0.0,-0.0,-0.0,20.282558,18.891275,18.891275,18.891275,18.596573,18.596573,18.596573,17.981829,17.981829,17.981829,18.848072,18.848072,18.848072,18.973255,18.973255,18.973255,19.2129,19.2129,19.2129,19.602686,19.602686,19.602686,19.484533,19.484533,19.484533,19.622776,19.622776,19.622776,19.18031,19.18031,19.18031,19.080734,19.080734,19.080734,18.576096,18.576096,18.576096,17.495096,17.495096,17.495096,18.022902,18.022902,18.022902,18.324438,18.324438,18.324438,18.358858,18.358858,18.358858,18.0378,18.0378,18.0378,17.850065,17.850065,17.850065,18.95668,18.95668,18.95668,19.267324,19.267324,19.267324,18.14975,18.14975,18.14975,18.86634,18.86634,18.86634,18.651615,18.651615,18.651615,21.331192,
T:23,36,41

Ax:-3.0933087,-3.4356794,-3.4261026,-3.4644098,-3.3806129,-3.6703112,-3.9695864,-3.8977604,-3.3662477,-4.1539397,-5.5042696,-5.6215854,-5.899313,-5.195418,-6.679823,-6.4858923,-7.0820484,-6.6534867,-6.8569937,-6.1243677,-6.143522,-6.667852,-7.800309,-7.386112;
Ay:6.1530986,6.399701,6.203377,5.9663506,5.803545,5.865794,6.0262055,5.9400144,5.8825536,6.43322,6.871359,6.801927,6.327875,6.0980315,6.5816603,6.167464,5.9807158,5.6527104,5.566519,5.2409077,5.511452,5.777209,5.853823,5.5976434;
Az:7.314286,7.3885064,7.9248075,8.420407,7.97748,7.2113357,6.799533,6.919243,6.6893997,5.7508726,5.255273,5.3725886,6.0142345,5.494693,5.3725886,5.920861,6.203377,5.8442464,5.638345,5.269638,4.9655743,4.656722,4.450821,4.4963107;
Gx:-0.52178633,-0.50951606,-0.7875427,-0.6690297,-0.5933131,-0.35778353,-0.47255555,-0.5186439,-0.15442601,0.6259341,0.13497312,-0.7234978,-0.40087914,-0.40536827,0.50487727,-0.8348282,-0.5093664,-0.8916905,-0.27727848,-0.38441902,0.4237737,0.46028528,0.05057751,-0.91817635,-0.3238158;
Gy:0.44696754,0.8177695,0.98461545,0.72634095,0.46387658,0.26321256,0.22340895,0.22700025,-0.017657237,-0.17627311,0.24016836,0.516549,0.41255087,0.0338181,-0.049230773,0.57475805,0.36466685,0.38067806,0.21757308,0.19767128,-0.122852474,0.10190321,0.32052374,0.41434655,0.26964697;
Gz:0.036511578,-0.49769467,-0.34671032,0.2717419,0.8276456,0.47180736,-0.14440028,-0.31588498,0.08828619,0.092176765,-0.52777183,-0.48317984,0.072574235,0.8789713,0.406715,0.28116906,0.7459435,1.0565912,0.74773914,0.5933131,0.31768063,0.1388637,0.046088383,0.06703765,0.26470894;
Y:36.83432,37.857277,37.082096,37.082096,37.58103,40.205025,40.205025,40.321888,40.2733,40.2733,40.342613,41.274746,41.274746,40.865364,41.19452,41.19452,39.927048,43.790016,43.790016,41.86435,45.075283,45.075283,42.857025,42.203377,42.203377,40.37901,35.365543,35.365543,34.428394,43.606358,43.606358,42.64153,54.327576,54.327576,52.91771,53.470516,53.470516,52.025875,53.0288,53.0288,51.557922,49.067383,49.067383,47.08364,55.86947,55.86947,52.87603,50.85721,50.85721,46.676598,49.433426,49.433426,44.782017,44.635105,44.635105,40.346188,42.402313,42.402313,38.71979,37.11167,37.11167,34.27265,35.316177,35.316177,33.36417,36.9685,36.9685,35.372124,40.672455,40.672455,39.202488,37.857677,37.857677,36.802944;
P:-34.290287,-34.290287,-37.76865,-37.76865,-37.76865,-38.14639,-38.14639,-38.14639,-35.697525,-35.697525,-35.697525,-33.235447,-33.235447,-33.235447,-33.815315,-33.815315,-33.815315,-35.93914,-35.93914,-35.93914,-37.429825,-37.429825,-37.429825,-36.795208,-36.795208,-36.795208,-38.15072,-38.15072,-38.15072,-42.20261,-42.20261,-42.20261,-42.079403,-42.079403,-42.079403,-41.17709,-41.17709,-41.17709,-36.911087,-36.911087,-36.911087,-38.88282,-38.88282,-38.88282,-37.51634,-37.51634,-37.51634,-35.079803,-35.079803,-35.079803,-32.42577,-32.42577,-32.42577,-32.550514,-32.550514,-32.550514,-32.08934,-32.08934,-32.08934,-32.970425,-32.970425,-32.970425,-34.903835,-34.903835,-34.903835,-35.387844,-35.387844,-35.387844,-33.096947,-33.096947,-33.096947,-32.91689,-32.91689,-32.91689;
R:21.331192,21.331192,22.924147,22.924147,22.924147,24.938581,24.938581,24.938581,23.380098,23.380098,23.380098,22.363745,22.363745,22.363745,22.965752,22.965752,22.965752,26.97446,26.97446,26.97446,30.276505,30.276505,30.276505,29.393507,29.393507,29.393507,26.712507,26.712507,26.712507,35.841133,35.841133,35.841133,46.3257,46.3257,46.3257,46.297417,46.297417,46.297417,44.447327,44.447327,44.447327,43.396393,43.396393,43.396393,51.190243,51.190243,51.190243,47.607574,47.607574,47.607574,48.783916,48.783916,48.783916,48.704784,48.704784,48.704784,50.570343,50.570343,50.570343,49.29005,49.29005,49.29005,51.052715,51.052715,51.052715,55.070164,55.070164,55.070164,60.29112,60.29112,60.29112,58.66895,58.66895,58.66895,
T:23,36,42

Ax:-7.311892,-7.029376,-8.161834,-8.437167,-8.959103,-8.760384,-9.904813,-8.264784,-8.916007,-8.597578,-8.90643,-8.6095495,-8.391677,-9.313444,-10.78109,-9.277532,-9.720459,-9.679757,-9.526528,-9.763555,-9.818622,-9.607931,-9.727641,-9.545682,-9.775525,-9.591172;
Ay:5.3725886,4.855441,4.5513773,4.84347,5.195418,4.9823337,4.855441,4.5154643,4.4364557,4.3957543,3.9624038,3.892972,3.6487634,2.4109612,-1.0773908,1.8602947,1.5131354,1.3910311,1.2641385,1.520318,1.541866,1.6448165,1.5753847,1.8674773,1.3263878,1.6472107;
Az:4.560954,4.187459,4.5896845,2.695871,2.0901382,1.5346833,2.360683,2.1380222,2.2242134,2.4253263,2.3630772,2.5187001,1.9081788,1.9512744,3.787627,2.3415294,2.4636335,2.8874073,2.1571758,2.7269957,2.4253263,2.0111294,1.9393034,2.1092918,2.528277,2.0494366;
Gx:-0.10908581,0.30974984,-0.6967127,-0.71332246,-0.93239194,-0.490961,-1.4490906,0.33803135,-0.2633622,0.12599486,-0.11432313,0.2669535,0.59017074,-0.19437926,-1.4709376,0.16639702,-0.27069443,-0.2252046,-0.069132574,-0.30496144,-0.35314476,-0.13931261,-0.2599205,-0.07586627,-0.30421326,-0.11746552;
Gy:0.14948797,-0.23089083,-0.37379473,0.08424597,0.5391443,0.46686932,0.4688146,0.3091513,0.32995093,0.42407298,0.13721769,0.25094226,0.26994625,-0.58418524,-3.4038067,0.31738135,0.015113398,-0.052223526,-0.13063364,0.11492168,0.19243397,0.32097265,0.24091655,0.56069213,0.03935469,0.38801032;
Gz:0.43664253,0.13332711,0.56667763,-1.0275614,-1.0817302,-1.1854291,0.030526072,0.023792379,0.117615156,0.35239655,0.30421326,0.49036244,-0.11162966,-0.059705406,1.7675194,0.1961749,0.31244332,0.71930796,-0.029628245,0.55216277,0.24450785,-0.1714847,-0.24091655,-0.07870938,0.3354875,-0.14933833;
Y:36.547077,36.547077,35.67028,37.008175,37.008175,35.73029,38.215813,38.215813,36.380596,44.016064,44.016064,42.262405,45.03044,45.03044,43.737965,45.63251,45.63251,44.535294,42.9962,42.9962,41.711514,40.882637,40.882637,39.50402,39.89344,39.89344,38.363895,37.49588,37.49588,36.24109,36.74553,36.74553,35.78868,35.147705,35.147705,34.441948,35.944607,35.944607,35.411324,36.28044,36.28044,35.924625,37.361435,37.361435,36.965767,34.971653,34.971653,34.182278,34.55742,34.55742,33.403687,32.52691,32.52691,31.427137,33.117714,33.117714,32.531857,31.160213,31.160213,30.914764,31.61725,31.61725,31.354359,32.05416,32.05416,31.883999,32.17286,32.17286,32.244976,31.516073,31.516073,31.78037,31.464619,31.464619,31.96064,32.58917,32.58917,33.391655;
P:-31.94069,-31.94069,-31.94069,-30.685806,-30.685806,-30.685806,-25.922579,-25.922579,-25.922579,-28.671059,-28.671059,-28.671059,-29.455095,-29.455095,-29.455095,-29.257696,-29.257696,-29.257696,-25.49431,-25.49431,-25.49431,-27.876064,-27.876064,-27.876064,-25.770674,-25.770674,-25.770674,-26.2006,-26.2006,-26.2006,-23.268393,-23.268393,-23.268393,-23.459854,-23.459854,-23.459854,-22.976181,-22.976181,-22.976181,-14.2177105,-14.2177105,-14.2177105,5.3861556,5.3861556,5.3861556,-11.002165,-11.002165,-11.002165,-8.580856,-8.580856,-8.580856,-7.840834,-7.840834,-7.840834,-7.3742385,-7.3742385,-7.3742385,-8.529289,-8.529289,-8.529289,-8.668156,-8.668156,-8.668156,-9.512235,-9.512235,-9.512235,-9.024561,-9.024561,-9.024561,-10.81479,-10.81479,-10.81479,-7.483649,-7.483649,-7.483649,-9.533901,-9.533901,-9.533901;
R:58.045235,58.045235,58.045235,59.217384,59.217384,59.217384,60.64943,60.64943,60.64943,72.280106,72.280106,72.280106,76.86791,76.86791,76.86791,80.0635,80.0635,80.0635,76.5944,76.5944,76.5944,75.49608,75.49608,75.49608,75.99272,75.99272,75.99272,74.24655,74.24655,74.24655,75.1405,75.1405,75.1405,73.693306,73.693306,73.693306,77.18938,77.18938,77.18938,78.16703,78.16703,78.16703,70.64253,70.64253,70.64253,75.835106,75.835106,75.835106,75.777954,75.777954,75.777954,73.3905,73.3905,73.3905,77.24117,77.24117,77.24117,74.39476,74.39476,74.39476,76.124954,76.124954,76.124954,78.17756,78.17756,78.17756,78.72533,78.72533,78.72533,77.53968,77.53968,77.53968,75.49915,75.49915,75.49915,77.93845,77.93845,77.93845,
T:23,36,43

Ax:-9.275137,-8.868123,-9.595961,-9.78989,-9.718064,-9.107543,-9.785102,-10.072407,-10.007763,-9.545682,-9.739613,-9.734824,-9.672575,-9.744401,-9.792285,-9.619903,-9.6845455,-9.720459,-9.65821,-9.835381,-9.674969,-9.679757,-9.727641,-9.746795,-9.77792;
Ay:1.5825673,1.7477672,1.5586253,1.4053963,1.7549498,1.7908629,0.8619126,-0.05746084,-0.11971009,0.8403648,0.36870706,0.35194764,0.5482722,0.4213795,0.38067806,0.7206547,0.4309563,0.38307226,0.6536171,0.22744916,0.4357447,0.4357447,0.34955344,0.3854665,0.39743748;
Az:3.4859576,2.9257145,1.7980455,2.4301147,2.956839,2.4779987,2.1499932,2.7126305,2.372654,2.4660277,2.528277,2.5091233,2.4779987,2.4420857,2.4420857,2.3942018,2.5091233,2.4253263,2.44448,2.5258827,2.4660277,2.4229321,2.4037786,2.4660277,2.492364;
Gx:0.19782092,0.59974754,-0.13272856,-0.30900165,-0.2148796,0.4055179,-0.2674024,-0.5313631,-0.45325232,0.008678981,-0.19108722,-0.18629882,-0.124648124,-0.19767128,-0.24600422,-0.074220255,-0.14080898,-0.17672202,-0.11342531,-0.2908955,-0.1297358,-0.13512276,-0.1834557,-0.20275895,-0.23433249;
Gy:0.32471362,0.4750994,0.25677812,0.2697966,0.86849666,1.0073603,0.11791443,-0.5367501,-0.25184008,0.810138,0.22789808,0.2240075,0.43634325,0.28865093,0.24735096,0.5835867,0.25363573,0.21039048,0.5141548,0.09083003,0.327856,0.3314473,0.24241292,0.27757776,0.28760347;
Gz:1.2829928,0.70973116,-0.42078096,0.19512744,0.7043442,0.2287959,-0.09307459,0.4966472,0.1666963,0.25558102,0.2976292,0.27712885,0.24256256,0.20290859,0.20126258,0.15068507,0.26021978,0.17597382,0.19767128,0.27742812,0.21891981,0.1731307,0.15248072,0.21398178,0.23852235;
Y:30.018866,30.018866,31.248072,31.996384,31.996384,33.313267,36.327087,36.327087,37.49269,36.533516,36.533516,37.5516,36.125675,36.125675,36.981033,37.491077,37.491077,38.29475,40.351055,40.351055,41.148163,41.578896,41.578896,42.14568,42.777138,42.777138,42.959793,41.153526,41.153526,41.03369,41.703667,41.703667,41.421364,41.479908,41.479908,41.18772,40.918514,40.918514,40.867317,41.163086,41.163086,41.451508,41.537838,41.537838,41.761223,41.268837,41.268837,41.106106,41.33571,41.33571,40.93857,41.1802,41.1802,40.812626,40.359005,40.359005,40.160934,40.72662,40.72662,40.579655,40.29472,40.29472,40.196842,40.280125,40.280125,40.47872,40.66067,40.66067,41.062798,40.907455,40.907455,41.14232,41.092323,41.092323,40.872677;
P:-9.074453,-9.074453,-9.074453,-10.600926,-10.600926,-10.600926,-9.070542,-9.070542,-9.070542,-7.931822,-7.931822,-7.931822,-9.802023,-9.802023,-9.802023,-10.74345,-10.74345,-10.74345,-4.91716,-4.91716,-4.91716,0.31561118,0.31561118,0.31561118,0.66684073,0.66684073,0.66684073,-4.871984,-4.871984,-4.871984,-2.098493,-2.098493,-2.098493,-2.0050642,-2.0050642,-2.0050642,-3.1429477,-3.1429477,-3.1429477,-2.4019232,-2.4019232,-2.4019232,-2.160173,-2.160173,-2.160173,-4.1578197,-4.1578197,-4.1578197,-2.4666102,-2.4666102,-2.4666102,-2.1897316,-2.1897316,-2.1897316,-3.7535706,-3.7535706,-3.7535706,-1.2831395,-1.2831395,-1.2831395,-2.4989727,-2.4989727,-2.4989727,-2.500451,-2.500451,-2.500451,-1.9979388,-1.9979388,-1.9979388,-2.1956406,-2.1956406,-2.1956406,-2.2555442,-2.2555442,-2.2555442;
R:69.401825,69.401825,69.401825,71.74158,71.74158,71.74158,79.387245,79.387245,79.387245,76.05941,76.05941,76.05941,73.07698,73.07698,73.07698,74.7793,74.7793,74.7793,77.60783,77.60783,77.60783,74.927124,74.927124,74.927124,76.66249,76.66249,76.66249,75.51492,75.51492,75.51492,75.44795,75.44795,75.44795,75.54675,75.54675,75.54675,75.63055,75.63055,75.63055,75.93064,75.93064,75.93064,75.99672,75.99672,75.99672,76.02416,76.02416,76.02416,75.47489,75.47489,75.47489,75.99032,75.99032,75.99032,75.79678,75.79678,75.79678,75.596794,75.596794,75.596794,75.7005,75.7005,75.7005,75.94709,75.94709,75.94709,76.119804,76.119804,76.119804,75.801605,75.801605,75.801605,75.69998,75.69998,75.69998,
T:23,36,44

Ax:-9.7084875,-9.698911,-9.775525,-9.830592,-9.751583,-9.739613,-9.715671,-9.727641,-9.725247,-9.7563715,-9.7803135,-9.7324295,-9.7324295,-9.768343,-9.765948,-9.698911,-9.722853,-9.734824,-9.7324295,-9.78989,-9.751583,-9.722853,-9.727641,-9.792285,-9.801862,-9.698911;
Ay:0.35673606,0.32800564,0.33279404,0.41180268,0.38307226,0.37588966,0.37110126,0.35194764,0.36870706,0.40462008,0.3854665,0.31364042,0.38067806,0.39743748,0.38307226,0.38067806,0.31124622,0.3878607,0.39264908,0.37349546,0.34715924,0.35194764,0.35673606,0.3854665,0.39264908,0.36391866;
Az:2.4013844,2.4253263,2.4420857,2.4468741,2.4037786,2.4612393,2.456451,2.4636335,2.4492683,2.4229321,2.4732103,2.44448,2.4708161,2.4133554,2.4947581,2.4109612,2.3678656,2.44448,2.4995465,2.4732103,2.432509,2.4396915,2.4827871,2.420538,2.4540567,2.4468741;
Gx:-0.1654992,-0.15622166,-0.23328502,-0.28880057,-0.2100912,-0.19841947,-0.17492636,-0.18734628,-0.185401,-0.21697453,-0.24136546,-0.19393034,-0.19422962,-0.23059155,-0.22849663,-0.1619079,-0.18614918,-0.19826983,-0.1961749,-0.25408465,-0.21622634,-0.18779519,-0.19288288,-0.25797522,-0.2677017,-0.16505028;
Gy:0.24450785,0.21383214,0.21757308,0.29463646,0.262614,0.2527379,0.24600422,0.2252046,0.24016836,0.27428573,0.25258827,0.17896658,0.24495676,0.25932196,0.24256256,0.23822308,0.16699557,0.2427122,0.24585459,0.22460605,0.19662382,0.20006548,0.2033575,0.23014264,0.23523031,0.2045546;
Gz:0.14499883,0.16774376,0.18285716,0.18614918,0.14200608,0.19826983,0.19168578,0.19707273,0.18076223,0.15248072,0.20126258,0.1707365,0.19572599,0.13676877,0.21697453,0.13138182,0.08693945,0.16340427,0.21712416,0.18884265,0.14664486,0.15278,0.19482817,0.13063364,0.16325463,0.15532383;
Y:41.06709,41.06709,40.481045,40.474026,40.474026,39.865845,39.867123,39.867123,39.656044,39.561512,39.561512,39.91214,39.99481,39.99481,40.526985,40.42027,40.42027,40.84947,40.85301,40.85301,41.297188,41.319504,41.319504,41.682796,41.682514,41.682514,41.81478,41.825108,41.825108,42.014145,41.96299,41.96299,42.214886,42.355927,42.355927,42.160263,42.007557,42.007557,41.41557,41.515617,41.515617,40.908222,40.77465,40.77465,40.332146,40.461056,40.461056,40.20396,40.404884,40.404884,40.289433,40.03709,40.03709,40.137054,40.026844,40.026844,40.284733,40.388695,40.388695,40.64227,40.732727,40.732727,40.760815,40.726707,40.726707,40.53145,40.44843,40.44843,40.2018,40.30822,40.30822,40.113197,40.046154,40.046154,39.997494,39.99835,39.99835,40.07723;
P:-2.0428627,-2.0428627,-2.0428627,-1.8791195,-1.8791195,-1.8791195,-1.8917099,-1.8917099,-1.8917099,-2.327772,-2.327772,-2.327772,-2.1842813,-2.1842813,-2.1842813,-2.1428738,-2.1428738,-2.1428738,-2.1207447,-2.1207447,-2.1207447,-2.008702,-2.008702,-2.008702,-2.1054945,-2.1054945,-2.1054945,-2.3048978,-2.3048978,-2.3048978,-2.1881917,-2.1881917,-2.1881917,-1.7902261,-1.7902261,-1.7902261,-2.1711416,-2.1711416,-2.1711416,-2.2619312,-2.2619312,-2.2619312,-2.17647,-2.17647,-2.17647,-2.1813624,-2.1813624,-2.1813624,-1.7814823,-1.7814823,-1.7814823,-2.2129748,-2.2129748,-2.2129748,-2.2377658,-2.2377658,-2.2377658,-2.1183505,-2.1183505,-2.1183505,-1.9783155,-1.9783155,-1.9783155,-2.0108037,-2.0108037,-2.0108037,-2.0350525,-2.0350525,-2.0350525,-2.1884437,-2.1884437,-2.1884437,-2.2253497,-2.2253497,-2.2253497,-2.083597,-2.083597,-2.083597;
R:76.106804,76.106804,76.106804,75.96043,75.96043,75.96043,75.97366,75.97366,75.97366,76.02287,76.02287,76.02287,76.15258,76.15258,76.15258,75.81803,75.81803,75.81803,75.811035,75.811035,75.811035,75.78803,75.78803,75.78803,75.864235,75.864235,75.864235,76.05311,76.05311,76.05311,75.808754,75.808754,75.808754,75.90076,75.90076,75.90076,75.755005,75.755005,75.755005,76.122475,76.122475,76.122475,75.66998,75.66998,75.66998,76.04033,76.04033,76.04033,76.31285,76.31285,76.31285,75.90409,75.90409,75.90409,75.59623,75.59623,75.59623,75.822075,75.822075,75.822075,75.993546,75.993546,75.993546,75.91397,75.91397,75.91397,75.68207,75.68207,75.68207,76.11548,76.11548,76.11548,75.944,75.944,75.944,75.84069,75.84069,75.84069,
T:23,36,45

Ax:-9.694122,-9.744401,-9.718064,-9.775525,-9.739613,-9.643845,-9.7324295,-9.737218,-9.8042555,-9.7084875,-9.746795,-9.667787,-9.706094,-9.80665,-9.765948,-9.746795,-9.751583,-9.7803135,-9.770737,-9.730036,-9.916783,-9.718064,-9.744401,-9.691729,-9.8042555;
Ay:0.33997664,0.37828386,0.37110126,0.33997664,0.36391866,0.34237084,0.37110126,0.35194764,0.40222588,0.34955344,0.39025488,0.38067806,0.34715924,0.37349546,0.40940848,0.33039984,0.34476504,0.34237084,0.3878607,0.40940848,0.41180268,0.32800564,0.34955344,0.37828386,0.35434186;
Az:2.3894134,2.4660277,2.44448,2.4420857,2.4420857,2.4037786,2.4827871,2.4827871,2.4851813,2.44448,2.3415294,2.432509,2.4301147,2.4277205,2.5019407,2.4827871,2.4229321,2.4636335,2.4827871,2.4420857,2.408567,2.4229321,2.4277205,2.4732103,2.3822308;
Gx:-0.16071078,-0.21113867,-0.18525136,-0.24301147,-0.20724809,-0.111779295,-0.20066403,-0.2057517,-0.27308863,-0.17776948,-0.21637598,-0.13736732,-0.17582418,-0.27667993,-0.23612814,-0.21742344,-0.22266077,-0.2515408,-0.24211365,-0.20186113,-0.38890815,-0.19033903,-0.21682489,-0.16445173,-0.27727848;
Gy:0.17896658,0.2160767,0.20709845,0.17417817,0.19707273,0.1743278,0.20171149,0.18091187,0.23029228,0.17597382,0.21547815,0.20410569,0.1690905,0.19407998,0.22894554,0.1479916,0.16175826,0.15846622,0.20275895,0.22266077,0.2228104,0.1376666,0.15861586,0.18614918,0.1599626;
Gz:0.096216984,0.1719336,0.14903906,0.1455974,0.14454992,0.10519524,0.1834557,0.18195933,0.1830068,0.14110826,0.03696049,0.12794015,0.124648124,0.1213561,0.19512744,0.1743278,0.11282676,0.15292963,0.17133506,0.12928689,0.094570965,0.10848726,0.11222821,0.15696985,0.065092355;
Y:40.217716,40.217716,40.454617,40.27916,40.27916,40.630024,40.66772,40.66772,40.910465,40.992615,40.992615,41.05711,41.002037,41.002037,41.002266,41.0567,41.0567,41.108116,40.962955,40.962955,41.006046,41.037663,41.037663,41.096222,41.05167,41.05167,41.101177,41.205254,41.205254,40.901382,41.0488,41.0488,40.517803,40.328495,40.328495,40.06873,40.138115,40.138115,40.14504,40.162243,40.162243,40.12188,39.920498,39.920498,39.82571,39.96319,39.96319,40.02954,40.122417,40.122417,40.2863,40.228848,40.228848,40.212532,40.105118,40.105118,39.755627,39.7795,39.7795,39.458824,39.61498,39.61498,39.632477,39.6235,39.6235,39.789093,39.762333,39.762333,39.964687,39.806957,39.806957,40.00164,40.270725,40.270725,40.469917;
P:-1.9502412,-1.9502412,-1.9502412,-2.1552634,-2.1552634,-2.1552634,-2.1208727,-2.1208727,-2.1208727,-1.9325075,-1.9325075,-1.9325075,-2.0756557,-2.0756557,-2.0756557,-1.972918,-1.972918,-1.972918,-2.1159506,-2.1159506,-2.1159506,-2.0059059,-2.0059059,-2.0059059,-2.2773354,-2.2773354,-2.2773354,-1.9996803,-1.9996803,-1.9996803,-2.229492,-2.229492,-2.229492,-2.18682,-2.18682,-2.18682,-1.9871485,-1.9871485,-1.9871485,-2.1172564,-2.1172564,-2.1172564,-2.325533,-2.325533,-2.325533,-1.8814505,-1.8814505,-1.8814505,-1.9651346,-1.9651346,-1.9651346,-1.9441997,-1.9441997,-1.9441997,-2.2032819,-2.2032819,-2.2032819,-2.3370008,-2.3370008,-2.3370008,-2.3107853,-2.3107853,-2.3107853,-1.8757443,-1.8757443,-1.8757443,-1.9935586,-1.9935586,-1.9935586,-2.1658723,-2.1658723,-2.1658723,-2.0113888,-2.0113888,-2.0113888;
R:76.1537,76.1537,76.1537,75.798256,75.798256,75.798256,75.88075,75.88075,75.88075,75.97366,75.97366,75.97366,75.923996,75.923996,75.923996,76.00393,76.00393,76.00393,75.68882,75.68882,75.68882,75.69557,75.69557,75.69557,75.77625,75.77625,75.77625,75.867386,75.867386,75.867386,76.49149,76.49149,76.49149,75.87699,75.87699,75.87699,75.94381,75.94381,75.94381,76.09549,76.09549,76.09549,75.63043,75.63043,75.63043,75.709045,75.709045,75.709045,76.04653,76.04653,76.04653,75.861496,75.861496,75.861496,75.74264,75.74264,75.74264,75.9107,75.9107,75.9107,76.348465,76.348465,76.348465,76.00029,76.00029,76.00029,76.01014,76.01014,76.01014,75.68435,75.68435,75.68435,76.34297,76.34297,76.34297,
T:23,36,46

Ax:-9.813833,-9.662998,-9.768343,-9.785102,-9.818622,-9.746795,-9.713276,-9.710882,-9.76116,-9.746795,-9.739613,-9.734824,-9.622296,-9.775525,-9.775525,-9.725247,-9.536105,-9.734824,-9.725247,-9.770737,-9.765948,-9.7084875,-9.792285,-9.730036,-9.753978,-9.667787;
Ay:0.36631286,0.24660277,0.31364042,0.36152446,0.33758244,0.30645782,0.33518824,0.37588966,0.4429273,0.36391866,0.33039984,0.34237084,0.35673606,0.37828386,0.37349546,0.38067806,0.39743748,0.320823,0.34476504,0.39025488,0.35673606,0.33997664,0.33039984,0.36631286,0.40940848,0.4333505;
Az:2.456451,2.3175871,2.4971523,2.4420857,2.4516625,2.4732103,2.3582888,2.4636335,2.4277205,2.5019407,2.4588451,2.456451,2.4253263,2.408567,2.4253263,2.3750482,2.2529438,2.4396915,2.2457612,2.4277205,2.4013844,2.554613,2.480393,2.4349031,2.2649148,2.3247697;
Gx:-0.28670564,-0.13617022,-0.24136546,-0.25857377,-0.2923919,-0.22071546,-0.18749592,-0.18510172,-0.23582886,-0.22161329,-0.21472996,-0.21024084,-0.09801263,-0.2515408,-0.25169045,-0.20141222,-0.012270284,-0.21068975,-0.20141222,-0.24660277,-0.24181437,-0.18450317,-0.26874915,-0.20679916,-0.2311901,-0.14469956;
Gy:0.16998832,0.048632223,0.11522096,0.16145898,0.13587095,0.10310031,0.130484,0.1695394,0.23448212,0.15263036,0.117016606,0.1273416,0.14021043,0.1599626,0.15337855,0.15906477,0.17372926,0.09487024,0.117016606,0.16086042,0.12539631,0.10729016,0.0966659,0.13078327,0.1702876,0.19557635;
Gz:0.13961188,-1.496376E-4,0.18016368,0.12315175,0.13183074,0.15278,0.03696049,0.14215572,0.1050456,0.17896658,0.13452421,0.13108255,0.09891046,0.08125322,0.097414084,0.046986207,-0.07451953,0.11342531,-0.0815525,0.102052845,0.07556699,0.2287959,0.15233108,0.10594343,-0.065242,-0.004638766;
Y:40.319237,40.319237,40.548462,40.902443,40.902443,41.009098,40.64012,40.64012,40.710438,40.7485,40.7485,40.874405,40.907673,40.907673,40.961727,40.9329,40.9329,40.845097,40.992332,40.992332,40.662067,40.411324,40.411324,39.905365,39.903507,39.903507,39.633896,39.599503,39.599503,39.715145,39.84212,39.84212,40.077698,40.06173,40.06173,40.21775,40.195114,40.195114,40.27552,40.356464,40.356464,40.399685,40.375435,40.375435,40.391296,40.448143,40.448143,40.46287,40.56976,40.56976,40.564137,40.430065,40.430065,40.277412,40.591625,40.591625,40.253708,39.882267,39.882267,39.69875,39.79117,39.79117,40.036793,39.749977,39.749977,40.018402,40.210804,40.210804,40.235027,40.234768,40.234768,40.15171,40.410706,40.410706,40.319756,40.135887,40.135887,40.10451;
P:-2.073723,-2.073723,-2.073723,-1.4215903,-1.4215903,-1.4215903,-1.781753,-1.781753,-1.781753,-2.0529969,-2.0529969,-2.0529969,-1.9105465,-1.9105465,-1.9105465,-1.7456105,-1.7456105,-1.7456105,-1.9206394,-1.9206394,-1.9206394,-2.1487002,-2.1487002,-2.1487002,-2.5213897,-2.5213897,-2.5213897,-2.0711873,-2.0711873,-2.0711873,-1.883855,-1.883855,-1.883855,-1.9530747,-1.9530747,-1.9530747,-2.0588703,-2.0588703,-2.0588703,-2.1517828,-2.1517828,-2.1517828,-2.1237226,-2.1237226,-2.1237226,-2.1776662,-2.1776662,-2.1776662,-2.3226743,-2.3226743,-2.3226743,-1.8309851,-1.8309851,-1.8309851,-1.9782969,-1.9782969,-1.9782969,-2.2198207,-2.2198207,-2.2198207,-2.0315397,-2.0315397,-2.0315397,-1.9396213,-1.9396213,-1.9396213,-1.8733542,-1.8733542,-1.8733542,-2.0915956,-2.0915956,-2.0915956,-2.3412743,-2.3412743,-2.3412743,-2.4954767,-2.4954767,-2.4954767;
R:75.94731,75.94731,75.94731,76.512856,76.512856,76.512856,75.66017,75.66017,75.66017,75.98685,75.98685,75.98685,75.980194,75.980194,75.980194,75.761925,75.761925,75.761925,76.3532,76.3532,76.3532,75.7645,75.7645,75.7645,76.03322,76.03322,76.03322,75.60337,75.60337,75.60337,75.831276,75.831276,75.831276,75.83783,75.83783,75.83783,75.85312,75.85312,75.85312,76.15873,76.15873,76.15873,76.066154,76.066154,76.066154,76.27616,76.27616,76.27616,76.707375,76.707375,76.707375,75.9306,75.9306,75.9306,76.99714,76.99714,76.99714,76.04637,76.04637,76.04637,76.1854,76.1854,76.1854,75.25783,75.25783,75.25783,75.785904,75.785904,75.785904,75.950485,75.950485,75.950485,76.927345,76.927345,76.927345,76.47905,76.47905,76.47905,
T:23,36,47

Ax:-9.765948,-9.677363,-9.746795,-9.866506,-9.672575,-9.797073,-9.61272,-9.722853,-9.746795,-9.718064,-9.713276,-9.672575,-9.533711,-9.7803135,-9.737218,-9.938332,-9.859323,-9.746795,-9.768343,-9.7563715,-9.648633,-9.730036,-9.794679,-9.77792,-9.866506;
Ay:0.1340753,0.24181437,0.3184288,0.06703765,0.22505496,0.1316811,0.4357447,0.3854665,0.05267244,-0.0047884034,0.11252748,0.30645782,0.23702596,0.1436521,0.18435353,0.14604631,0.19871874,0.19393034,0.22984336,0.15083471,0.16998832,0.19153613,0.22026655,0.17956513,0.1604115;
Az:2.6192567,2.44448,2.2936451,2.6360161,2.4229321,2.4349031,2.3127987,2.3439236,2.6431987,2.4037786,2.420538,2.3511062,2.4253263,2.396596,2.4181437,2.4181437,2.432509,2.4253263,2.3918076,2.4229321,2.3654714,2.4779987,2.3654714,2.4396915,2.4133554;
Gx:-0.24211365,-0.15173253,-0.22026655,-0.33967736,-0.1455974,-0.2688988,-0.08379706,-0.19393034,-0.21637598,-0.1858499,-0.18076223,-0.14021043,-0.0017956513,-0.24884734,-0.20605098,-0.40731356,-0.32845455,-0.2160767,-0.23777416,-0.22595279,-0.11836334,-0.1997662,-0.26485857,-0.24809915,-0.3369839;
Gy:-0.082899235,0.0947206,0.20156185,-0.030974984,0.17642274,0.085293435,0.3672107,0.2617162,-0.07332243,-0.063895255,0.110133275,0.29059622,0.17911622,0.07975684,0.13437457,0.105494514,0.16759412,0.1551742,0.17253216,0.08693945,0.11133038,0.12883797,0.16250645,0.12554595,0.107739076;
Gz:0.2908955,0.11776479,-0.031124622,0.31169513,0.09801263,0.11492168,-0.0038905777,0.029628245,0.33533788,0.10070611,0.11776479,0.047584757,0.121056825,0.09023148,0.11058219,0.109534726,0.12330139,0.11566987,0.081702136,0.112377845,0.054168813,0.16654666,0.052373163,0.12644377,0.09876082;
Y:40.052498,40.052498,39.92112,40.03493,40.03493,39.81224,40.010605,40.010605,39.74869,39.554222,39.554222,39.353546,39.412693,39.412693,39.60912,39.78903,39.78903,40.217533,39.902885,39.902885,40.1368,40.206562,40.206562,40.197872,40.16015,40.16015,40.023487,40.539513,40.539513,40.310467,40.091938,40.091938,39.89066,39.70345,39.70345,39.650745,39.53831,39.53831,39.65393,39.986477,39.986477,40.188972,40.06254,40.06254,40.186115,40.343475,40.343475,40.32227,40.176476,40.176476,40.015522,39.980614,39.980614,39.896095,39.915012,39.915012,40.11626,40.17435,40.17435,40.509125,40.534496,40.534496,40.700512,40.488987,40.488987,40.431293,40.635235,40.635235,40.339325,40.25308,40.25308,39.76998,39.89492,39.89492,39.557846;
P:-0.75970984,-0.75970984,-0.75970984,-1.3878152,-1.3878152,-1.3878152,-1.8214742,-1.8214742,-1.8214742,-0.37609735,-0.37609735,-0.37609735,-1.2929457,-1.2929457,-1.2929457,-0.7473259,-0.7473259,-0.7473259,-2.5235262,-2.5235262,-2.5235262,-2.2071602,-2.2071602,-2.2071602,-0.2988345,-0.2988345,-0.2988345,0.027405545,0.027405545,0.027405545,-0.64404243,-0.64404243,-0.64404243,-1.763393,-1.763393,-1.763393,-1.3802427,-1.3802427,-1.3802427,-0.817316,-0.817316,-0.817316,-1.0526766,-1.0526766,-1.0526766,-0.8180519,-0.8180519,-0.8180519,-1.1210567,-1.1210567,-1.1210567,-1.1061325,-1.1061325,-1.1061325,-1.3092265,-1.3092265,-1.3092265,-0.8596216,-0.8596216,-0.8596216,-0.9803008,-0.9803008,-0.9803008,-1.0928488,-1.0928488,-1.0928488,-1.2522825,-1.2522825,-1.2522825,-1.0207931,-1.0207931,-1.0207931,-0.9047751,-0.9047751,-0.9047751;
R:74.986435,74.986435,74.986435,75.82376,75.82376,75.82376,76.75791,76.75791,76.75791,75.041756,75.041756,75.041756,75.937065,75.937065,75.937065,76.042854,76.042854,76.042854,76.47189,76.47189,76.47189,76.44611,76.44611,76.44611,74.82709,74.82709,74.82709,76.10666,76.10666,76.10666,76.00696,76.00696,76.00696,76.338104,76.338104,76.338104,75.72701,75.72701,75.72701,76.231384,76.231384,76.231384,76.05329,76.05329,76.05329,76.324814,76.324814,76.324814,76.14067,76.14067,76.14067,76.026695,76.026695,76.026695,76.241646,76.241646,76.241646,76.053116,76.053116,76.053116,76.22498,76.22498,76.22498,75.71192,75.71192,75.71192,76.42272,76.42272,76.42272,75.99017,75.99017,75.99017,76.25528,76.25528,76.25528,
T:23,36,48

Ax:-9.682152,-9.751583,-9.7563715,-9.78989,-9.794679,-9.725247,-9.765948,-9.813833,-9.82341,-9.753978,-9.744401,-9.718064,-9.821015,-9.773131,-9.7563715,-9.720459,-9.65821,-9.821015,-9.8042555,-9.773131,-9.78989,-9.7563715,-9.696517,-9.77792,-10.04607,-9.859323;
Ay:0.2753332,0.12210429,0.16519992,0.16280572,0.19393034,0.16519992,0.17238252,0.16759412,0.22505496,0.22744916,0.21547815,0.20350714,0.19871874,0.260968,0.23223756,0.14604631,0.19871874,0.4309563,0.17956513,0.260968,0.09816227,0.1412579,0.20111294,0.21308395,0.22744916,0.16519992;
Az:2.4013844,2.4181437,2.44448,2.3295584,2.4779987,2.3439236,2.3199813,2.420538,2.4181437,2.3942018,2.384625,2.3630772,2.4396915,2.408567,2.4253263,2.3798366,2.3798366,2.327164,2.3870192,2.3247697,2.3894134,2.4109612,2.3654714,2.3463178,2.4109612,2.4277205;
Gx:-0.15263036,-0.22221185,-0.22714989,-0.260968,-0.26560676,-0.19647418,-0.2371756,-0.28505963,-0.29493573,-0.22565351,-0.21622634,-0.19003975,-0.29328972,-0.24555531,-0.22894554,-0.1933318,-0.13108255,-0.29418755,-0.2777274,-0.24615386,-0.262614,-0.2287959,-0.16894086,-0.25049335,-0.5186439,-0.33174658;
Gy:0.21921909,0.05641338,0.10998364,0.1110311,0.13602059,0.098461546,0.10399814,0.093972415,0.14604631,0.13916297,0.12000936,0.099658646,0.08604162,0.1491887,0.11432313,0.023493104,0.08080431,0.29433718,0.02064999,0.12794015,-0.016609775,0.051624972,0.11552023,0.11507132,0.12704232,0.07287352;
Gz:0.08678981,0.10310031,0.1285387,0.012569559,0.1619079,0.026635494,0.0028431145,0.10339958,0.10010756,0.07571663,0.06584055,0.043993454,0.12000936,0.088136554,0.10459669,0.058358666,0.058209028,0.004938041,0.06494272,0.002992752,0.06823475,0.089782566,0.04369418,0.024540568,0.08963293,0.106691614;
Y:39.308346,39.308346,39.27865,39.52255,39.52255,39.72381,39.606632,39.606632,39.89416,40.134434,40.134434,40.424572,40.093204,40.093204,40.33324,40.601444,40.601444,40.653095,40.706062,40.706062,40.59382,40.437305,40.437305,40.284122,40.20489,40.20489,39.965435,39.972256,39.972256,39.718994,39.750534,39.750534,39.648323,39.694748,39.694748,39.72036,39.632786,39.632786,39.7967,39.73564,39.73564,39.932774,39.936497,39.936497,40.002262,40.210392,40.210392,40.18602,40.06983,40.06983,40.112484,39.942932,39.942932,40.233364,40.492046,40.492046,40.849953,40.82479,40.82479,40.792717,40.93224,40.93224,40.52684,40.406124,40.406124,40.152023,40.11639,40.11639,40.174946,40.2304,40.2304,40.32255,40.309696,40.309696,40.255966,40.230892,40.230892,40.07693;
P:-1.5810152,-1.5810152,-1.5810152,-0.69630384,-0.69630384,-0.69630384,-0.9409881,-0.9409881,-0.9409881,-0.92686534,-0.92686534,-0.92686534,-1.0996459,-1.0996459,-1.0996459,-0.9460879,-0.9460879,-0.9460879,-0.9838697,-0.9838697,-0.9838697,-0.9499029,-0.9499029,-0.9499029,-1.2743903,-1.2743903,-1.2743903,-1.297319,-1.297319,-1.297319,-1.2304791,-1.2304791,-1.2304791,-1.165704,-1.165704,-1.165704,-1.1249837,-1.1249837,-1.1249837,-1.4851663,-1.4851663,-1.4851663,-1.3233323,-1.3233323,-1.3233323,-0.83609354,-0.83609354,-0.83609354,-1.1444783,-1.1444783,-1.1444783,-2.4449677,-2.4449677,-2.4449677,-1.0194819,-1.0194819,-1.0194819,-1.4880807,-1.4880807,-1.4880807,-0.55809855,-0.55809855,-0.55809855,-0.80528045,-0.80528045,-0.80528045,-1.154344,-1.154344,-1.154344,-1.2139618,-1.2139618,-1.2139618,-1.2611909,-1.2611909,-1.2611909,-0.9321047,-0.9321047,-0.9321047;
R:76.07048,76.07048,76.07048,76.07304,76.07304,76.07304,75.93398,75.93398,75.93398,76.61508,76.61508,76.61508,75.8024,75.8024,75.8024,76.44933,76.44933,76.44933,76.63662,76.63662,76.63662,76.14479,76.14479,76.14479,76.170944,76.170944,76.170944,76.20889,76.20889,76.20889,76.24898,76.24898,76.24898,76.333015,76.333015,76.333015,76.04924,76.04924,76.04924,76.15547,76.15547,76.15547,76.03987,76.03987,76.03987,76.24302,76.24302,76.24302,76.15775,76.15775,76.15775,76.669205,76.669205,76.669205,76.31655,76.31655,76.31655,76.61952,76.61952,76.61952,76.284004,76.284004,76.284004,76.119354,76.119354,76.119354,76.290436,76.290436,76.290436,76.50639,76.50639,76.50639,76.50478,76.50478,76.50478,76.16691,76.16691,76.16691,
T:23,36,49

Ax:-9.696517,-9.758766,-9.832987,-9.782708,-9.873688,-9.68694,-9.816227,-9.648633,-9.674969,-9.715671,-9.859323,-9.837775,-9.921572,-9.76116,-9.674969,-9.643845,-9.842564,-9.818622,-9.794679,-9.660604,-9.667787,-9.679757,-9.744401,-9.619903,-9.77792;
Ay:0.24181437,0.24181437,0.25857377,0.22026655,0.17238252,0.19871874,0.10055647,0.22505496,0.23942018,0.1364695,0.21068975,0.23223756,0.19632454,0.23463176,0.1340753,0.33518824,0.11971009,0.25857377,0.12928689,0.15801731,0.20829555,0.08140286,0.30166942,0.19153613,0.19871874;
Az:2.4229321,2.3654714,2.4181437,2.4396915,2.3199813,2.4253263,2.3798366,2.4349031,2.3343468,2.396596,2.4109612,2.3463178,2.4133554,2.3391352,2.3415294,2.3774424,2.3822308,2.3989902,2.3942018,2.4157495,2.408567,2.4037786,2.3199813,2.360683,2.3080103;
Gx:-0.16894086,-0.23163901,-0.30585927,-0.25573066,-0.34671032,-0.15966332,-0.28924948,-0.121655375,-0.14844051,-0.18914193,-0.33279404,-0.31139585,-0.39504328,-0.23463176,-0.14829087,-0.11731588,-0.31618425,-0.29209262,-0.2681506,-0.1340753,-0.14140753,-0.15352818,-0.21832126,-0.09367314,-0.25198972;
Gy:0.14888942,0.13347675,0.13781624,0.102651395,0.06868366,0.104297414,0.004040215,0.12719196,0.1237503,0.015861586,0.09920973,0.1189619,0.07826047,0.12419921,0.023343466,0.21921909,-0.011522096,0.14036007,0.010324995,0.047734395,0.09920973,-0.03007716,0.19168578,0.065242,0.0664391;
Gz:0.101454295,0.043245267,0.09606735,0.11731588,-0.0031423897,0.10295067,0.05641338,0.11162966,0.010025719,0.07227496,0.085891984,0.02124854,0.08903438,0.014514848,0.017357962,0.05327099,0.057760116,0.07466917,0.06988076,0.09127894,0.082899235,0.07766192,-0.006584055,0.035164837,-0.017956512;
Y:39.888744,39.888744,39.782352,39.922756,39.922756,39.946564,39.858147,39.858147,39.967926,39.96019,39.96019,39.902336,40.254906,40.254906,39.955376,39.61313,39.61313,39.6132,39.921566,39.921566,40.456795,40.07735,40.07735,40.69886,40.87538,40.87538,41.223465,41.2888,41.2888,41.323288,41.250786,41.250786,41.23898,41.310688,41.310688,41.336132,41.310165,41.310165,41.0846,41.08511,41.08511,40.683918,40.793865,40.793865,40.344364,39.952156,39.952156,39.568623,39.9875,39.9875,39.946365,39.690113,39.690113,39.83878,40.03355,40.03355,40.096115,39.947746,39.947746,40.033417,39.97372,39.97372,40.112206,40.32322,40.32322,40.359364,40.208427,40.208427,40.08771,40.116978,40.116978,39.926796,40.092087,40.092087,40.003143;
P:-1.3859656,-1.3859656,-1.3859656,-1.3795205,-1.3795205,-1.3795205,-1.4627718,-1.4627718,-1.4627718,-1.2515293,-1.2515293,-1.2515293,-0.97370046,-0.97370046,-0.97370046,-1.140027,-1.140027,-1.140027,-0.5703895,-0.5703895,-0.5703895,-1.2955825,-1.2955825,-1.2955825,-1.3780444,-1.3780444,-1.3780444,-0.7813255,-0.7813255,-0.7813255,-1.1891731,-1.1891731,-1.1891731,-1.3154323,-1.3154323,-1.3154323,-1.1014911,-1.1014911,-1.1014911,-1.3390721,-1.3390721,-1.3390721,-0.77167624,-0.77167624,-0.77167624,-1.9327911,-1.9327911,-1.9327911,-0.6772719,-0.6772719,-0.6772719,-1.4654497,-1.4654497,-1.4654497,-0.7346176,-0.7346176,-0.7346176,-0.9091085,-0.9091085,-0.9091085,-1.1976676,-1.1976676,-1.1976676,-0.4676208,-0.4676208,-0.4676208,-1.7250235,-1.7250235,-1.7250235,-1.107773,-1.107773,-1.107773,-1.1331431,-1.1331431,-1.1331431;
R:75.97041,75.97041,75.97041,76.37462,76.37462,76.37462,76.1839,76.1839,76.1839,75.99676,75.99676,75.99676,76.7773,76.7773,76.7773,75.94376,75.94376,75.94376,76.37221,76.37221,76.37221,75.83671,75.83671,75.83671,76.43511,76.43511,76.43511,76.14329,76.14329,76.14329,76.258766,76.258766,76.258766,76.58551,76.58551,76.58551,76.32869,76.32869,76.32869,76.52393,76.52393,76.52393,76.39492,76.39492,76.39492,76.15134,76.15134,76.15134,76.39415,76.39415,76.39415,76.26988,76.26988,76.26988,76.26402,76.26402,76.26402,75.96041,75.96041,75.96041,76.010506,76.010506,76.010506,76.053825,76.053825,76.053825,76.60814,76.60814,76.60814,76.21231,76.21231,76.21231,76.71883,76.71883,76.71883,
T:23,36,50

Ax:-9.7084875,-9.710882,-9.835381,-9.866506,-9.794679,-9.830592,-9.734824,-9.753978,-9.509769,-9.615114,-9.849746,-9.8042555,-9.8042555,-9.775525,-9.722853,-9.7084875,-9.758766,-9.775525,-9.782708,-9.694122,-9.718064,-9.7563715,-9.813833,-9.77792,-9.68694,-9.76116;
Ay:0.15322891,0.23223756,0.22026655,0.22984336,0.33997664,0.24899697,0.062249243,0.19393034,0.18674773,0.15083471,0.19153613,0.15801731,0.24181437,0.20350714,0.15801731,0.16280572,0.19153613,0.22984336,0.15083471,0.18195933,0.20350714,0.19153613,0.17477672,0.19871874,0.16759412,0.16280572;
Az:2.4899697,2.4133554,2.4349031,2.5019407,2.4013844,2.4109612,2.3894134,2.4301147,2.4157495,2.3822308,2.4540567,2.4492683,2.4277205,2.4540567,2.4229321,2.4061728,2.384625,2.3822308,2.3558946,2.456451,2.4492683,2.3989902,2.3774424,2.3774424,2.3918076,2.4277205;
Gx:-0.1822586,-0.18510172,-0.30974984,-0.3410241,-0.26949733,-0.30570963,-0.20979193,-0.22894554,0.014963761,-0.090979666,-0.32561144,-0.28042087,-0.2805705,-0.25198972,-0.19961657,-0.18525136,-0.23567922,-0.25258827,-0.25977087,-0.17103578,-0.19527708,-0.23388357,-0.29134443,-0.25528175,-0.1643021,-0.23867199;
Gy:0.023493104,0.1050456,0.08783727,0.098461546,0.20500351,0.09247604,-0.08035539,0.073621705,0.05746084,0.012719196,0.05761048,0.026635494,0.110133275,0.06823475,0.019602526,0.028580783,0.057311203,0.09083003,0.009277532,0.044143096,0.065092355,0.04833295,0.032920275,0.05925649,0.02439093,0.015861586;
Gz:0.16490065,0.0863409,0.1074398,0.1738789,0.072574235,0.08215105,0.06015432,0.09980828,0.08439561,0.04938041,0.120458275,0.11492168,0.09247604,0.11836334,0.086490534,0.06898294,0.046686932,0.04444237,0.018255789,0.119261175,0.11088146,0.059855044,0.03815759,0.038307227,0.052822076,0.08828619;
Y:39.691063,39.691063,39.82733,39.85227,39.85227,40.234333,40.276142,40.276142,40.76685,40.639217,40.639217,41.069447,41.04982,41.04982,41.272797,41.413048,41.413048,41.32683,41.61741,41.61741,41.30387,41.025818,41.025818,40.777634,40.691376,40.691376,40.69131,40.867065,40.867065,40.83266,40.749954,40.749954,40.57,40.60861,40.60861,40.430286,40.341568,40.341568,40.300022,40.295174,40.295174,40.492832,40.596966,40.596966,40.75106,40.767986,40.767986,40.52979,40.549892,40.549892,40.10731,40.060978,40.060978,39.926548,40.101456,40.101456,40.33692,40.053394,40.053394,40.371037,40.36283,40.36283,40.586636,40.720097,40.720097,40.719322,40.81295,40.81295,40.64125,40.58805,40.58805,40.478462,40.456448,40.456448,40.376255,40.353752,40.353752,40.29144;
P:-0.8758796,-0.8758796,-0.8758796,-1.3295503,-1.3295503,-1.3295503,-1.2453598,-1.2453598,-1.2453598,-1.2935551,-1.2935551,-1.2935551,-1.9308195,-1.9308195,-1.9308195,-1.409179,-1.409179,-1.409179,-0.35581133,-0.35581133,-0.35581133,-1.1052383,-1.1052383,-1.1052383,-1.0903766,-1.0903766,-1.0903766,-0.8723676,-0.8723676,-0.8723676,-1.0809836,-1.0809836,-1.0809836,-0.8958422,-0.8958422,-0.8958422,-1.3714658,-1.3714658,-1.3714658,-1.1567304,-1.1567304,-1.1567304,-0.9034721,-0.9034721,-0.9034721,-0.9325188,-0.9325188,-0.9325188,-1.0922754,-1.0922754,-1.0922754,-1.3086146,-1.3086146,-1.3086146,-0.85879683,-0.85879683,-0.85879683,-1.0423821,-1.0423821,-1.0423821,-1.1632951,-1.1632951,-1.1632951,-1.0921566,-1.0921566,-1.0921566,-0.9916088,-0.9916088,-0.9916088,-1.1313219,-1.1313219,-1.1313219,-0.96228445,-0.96228445,-0.96228445,-0.9272989,-0.9272989,-0.9272989;
R:75.615204,75.615204,75.615204,76.04356,76.04356,76.04356,76.0951,76.0951,76.0951,75.77091,75.77091,75.77091,76.22439,76.22439,76.22439,76.220146,76.220146,76.220146,76.20937,76.20937,76.20937,76.01009,76.01009,76.01009,75.74674,75.74674,75.74674,76.08466,76.08466,76.08466,76.00964,76.00964,76.00964,75.97363,75.97363,75.97363,76.092224,76.092224,76.092224,75.90764,75.90764,75.90764,76.00692,76.00692,76.00692,76.08018,76.08018,76.08018,76.26845,76.26845,76.26845,76.304344,76.304344,76.304344,76.459724,76.459724,76.459724,75.78078,75.78078,75.78078,75.8542,75.8542,75.8542,76.18562,76.18562,76.18562,76.38221,76.38221,76.38221,76.33406,76.33406,76.33406,76.13048,76.13048,76.13048,76.03322,76.03322,76.03322,
T:23,36,51

Ax:-9.746795,-9.768343,-9.775525,-9.701305,-9.722853,-9.765948,-9.782708,-9.749189,-9.7084875,-9.744401,-9.773131,-9.830592,-9.765948,-9.744401,-9.691729,-9.753978,-9.794679,-9.713276,-9.727641,-9.710882,-9.765948,-9.809045,-9.873688,-9.646238,-9.727641;
Ay:0.19153613,0.20350714,0.16998832,0.16280572,0.17477672,0.18674773,0.18674773,0.18435353,0.16759412,0.1604115,0.20350714,0.18435353,0.18674773,0.15562311,0.16759412,0.17717093,0.19871874,0.21068975,0.15562311,0.19871874,0.18914193,0.23463176,-0.062249243,0.46686932,0.22026655;
Az:2.4013844,2.4037786,2.3822308,2.456451,2.384625,2.3942018,2.3750482,2.4253263,2.3750482,2.3774424,2.3463178,2.3894134,2.4109612,2.4468741,2.4013844,2.3654714,2.420538,2.3822308,2.3558946,2.4253263,2.3870192,2.4013844,2.4061728,2.5234885,2.4037786;
Gx:-0.22430678,-0.24600422,-0.25318682,-0.17896658,-0.20066403,-0.24375966,-0.2605191,-0.22700025,-0.18644845,-0.22236149,-0.2510919,-0.3084031,-0.24375966,-0.22236149,-0.16983868,-0.23223756,-0.27278936,-0.19153613,-0.20590134,-0.18899229,-0.24420857,-0.2873042,-0.35194764,-0.12509704,-0.20859483;
Gy:0.050427873,0.06075287,0.02124854,0.017657237,0.028431145,0.03815759,0.04070143,0.03561375,0.018255789,0.013317747,0.053570263,0.03321955,0.03755904,0.005985504,0.015861586,0.025887307,0.047884032,0.05746084,0.0023942017,0.046537295,0.035314474,0.080056116,-0.21712416,0.30765492,0.015861586;
Gz:0.061650693,0.063895255,0.042347442,0.11671733,0.044143096,0.053869538,0.034566287,0.08499416,0.034117375,0.036361936,0.0053869537,0.049081136,0.07032967,0.106093064,0.059855044,0.023493104,0.079008654,0.040551793,0.014215573,0.084096335,0.045340195,0.059855044,0.06464344,0.17956513,0.055066638;
Y:40.28913,40.28913,40.47712,40.464664,40.464664,40.820953,40.91959,40.91959,41.349792,41.180027,41.180027,41.550526,41.681553,41.681553,41.63781,41.620747,41.620747,41.26412,41.30991,41.30991,41.01431,40.90385,40.90385,40.849792,40.95253,40.95253,41.110443,41.134613,41.134613,41.20541,41.20855,41.20855,40.817654,40.795696,40.795696,40.238953,40.164707,40.164707,40.03902,40.009304,40.009304,40.070675,40.111206,40.111206,40.153248,40.23509,40.23509,40.568222,40.45343,40.45343,40.8583,40.870827,40.870827,41.134354,41.276646,41.276646,41.583775,41.37783,41.37783,41.41376,41.52848,41.52848,41.02189,40.943382,40.943382,40.360367,40.86291,40.86291,40.719925,39.53656,39.53656,39.718018,40.37641,40.37641,40.551327;
P:-1.0931058,-1.0931058,-1.0931058,-1.1589258,-1.1589258,-1.1589258,-0.96790576,-0.96790576,-0.96790576,-0.9320295,-0.9320295,-0.9320295,-1.000194,-1.000194,-1.000194,-1.0639952,-1.0639952,-1.0639952,-1.0627545,-1.0627545,-1.0627545,-1.0512781,-1.0512781,-1.0512781,-0.9606552,-0.9606552,-0.9606552,-0.9162418,-0.9162418,-0.9162418,-1.159954,-1.159954,-1.159954,-1.0439566,-1.0439566,-1.0439566,-1.0635718,-1.0635718,-1.0635718,-0.8874199,-0.8874199,-0.8874199,-0.96161497,-0.96161497,-0.96161497,-1.0112969,-1.0112969,-1.0112969,-1.1283469,-1.1283469,-1.1283469,-1.2068474,-1.2068474,-1.2068474,-0.8907938,-0.8907938,-0.8907938,-1.1373823,-1.1373823,-1.1373823,-1.077816,-1.077816,-1.077816,-1.3309609,-1.3309609,-1.3309609,0.35094938,0.35094938,0.35094938,-2.6808257,-2.6808257,-2.6808257,-1.2592827,-1.2592827,-1.2592827;
R:76.1593,76.1593,76.1593,76.17542,76.17542,76.17542,76.304344,76.304344,76.304344,75.79088,75.79088,75.79088,76.21966,76.21966,76.21966,76.22515,76.22515,76.22515,76.353745,76.353745,76.353745,76.02999,76.02999,76.02999,76.25336,76.25336,76.25336,76.288826,76.288826,76.288826,76.500015,76.500015,76.500015,76.33866,76.33866,76.33866,76.13244,76.13244,76.13244,75.90415,75.90415,75.90415,76.08371,76.08371,76.08371,76.36817,76.36817,76.36817,76.118744,76.118744,76.118744,76.21991,76.21991,76.21991,76.38592,76.38592,76.38592,75.97705,75.97705,75.97705,76.26491,76.26491,76.26491,76.2438,76.2438,76.2438,76.30423,76.30423,76.30423,75.33977,75.33977,75.33977,76.119804,76.119804,76.119804,
T:23,36,52

Ax:-9.825804,-9.797073,-9.742006,-9.727641,-9.782708,-9.753978,-9.801862,-9.818622,-9.715671,-9.689334,-9.809045,-9.809045,-9.773131,-9.734824,-9.739613,-9.749189,-9.78989,-9.746795,-9.725247,-9.722853,-9.782708,-9.785102,-9.737218,-9.7324295,-9.706094,-9.768343;
Ay:-0.08140286,0.17956513,0.33518824,0.1364695,0.11252748,0.20350714,0.17238252,0.17956513,0.18914193,0.1340753,0.18435353,0.22026655,0.18195933,0.15322891,0.21547815,0.19632454,0.15322891,0.21308395,0.18435353,0.16759412,0.17717093,0.17477672,0.18914193,0.17477672,0.17238252,0.23942018;
Az:2.4372973,2.4277205,2.420538,2.4229321,2.3894134,2.3894134,2.4181437,2.4396915,2.420538,2.4109612,2.3918076,2.4061728,2.3942018,2.3870192,2.3918076,2.4253263,2.420538,2.4277205,2.3319526,2.3415294,2.432509,2.3870192,2.4061728,2.4133554,2.4468741,2.3343468;
Gx:-0.30570963,-0.27638066,-0.22161329,-0.207697,-0.262614,-0.23373394,-0.2817676,-0.29852703,-0.19572599,-0.16938977,-0.28909984,-0.28909984,-0.25318682,-0.21472996,-0.21951836,-0.22924481,-0.27009588,-0.22685061,-0.20560206,-0.20305823,-0.26276365,-0.26515785,-0.2172738,-0.21263504,-0.18629882,-0.24854806;
Gy:-0.2587234,0.054019175,0.18974048,-0.035763387,-0.043843817,0.05581483,0.015412673,0.022146367,0.032022446,-0.024540568,0.029777884,0.062698156,0.019752163,-0.0031423897,0.060303956,0.033069912,-0.008379706,0.057760116,0.023942016,0.0062847794,0.01616086,0.015113398,0.030825347,0.009726444,0.009277532,0.081103586;
Gz:0.09023148,0.080056116,0.07272387,0.07496844,0.040851068,0.040851068,0.06988076,0.09127894,0.071975686,0.062249243,0.042646717,0.057161566,0.045489833,0.038606502,0.043394905,0.07676409,0.07152677,0.078410104,-0.017657237,-0.007631518,0.08379706,0.038007952,0.057311203,0.06434417,0.097862996,-0.015113398;
Y:41.02489,41.02489,41.16475,40.74149,40.74149,40.79041,40.530876,40.530876,40.52678,40.83093,40.83093,40.81474,40.94352,40.94352,40.841633,40.683918,40.683918,40.39784,40.415733,40.415733,39.879498,39.836693,39.836693,39.256023,39.225887,39.225887,38.828564,38.921688,38.921688,38.784946,38.8058,38.8058,38.917423,38.83052,38.83052,39.13979,39.206696,39.206696,39.58996,39.63084,39.63084,39.96734,39.861362,39.861362,40.242214,40.212803,40.212803,40.674187,40.77295,40.77295,41.08305,40.953266,40.953266,40.90688,41.11728,41.11728,40.824116,40.831318,40.831318,40.489338,40.33482,40.33482,40.03104,40.12158,40.12158,39.905834,39.823322,39.823322,39.688957,39.695156,39.695156,39.7174,39.643127,39.643127,39.955147,40.09743,40.09743,40.632164;
P:0.4607007,0.4607007,0.4607007,-1.0192058,-1.0192058,-1.0192058,-1.9124662,-1.9124662,-1.9124662,-0.7799263,-0.7799263,-0.7799263,-0.64020836,-0.64020836,-0.64020836,-1.1609305,-1.1609305,-1.1609305,-0.9782179,-0.9782179,-0.9782179,-1.016809,-1.016809,-1.016809,-1.082205,-1.082205,-1.082205,-0.76931924,-0.76931924,-0.76931924,-1.0460622,-1.0460622,-1.0460622,-1.2493593,-1.2493593,-1.2493593,-1.0360006,-1.0360006,-1.0360006,-0.87583613,-0.87583613,-0.87583613,-1.2308398,-1.2308398,-1.2308398,-1.1195259,-1.1195259,-1.1195259,-0.8704973,-0.8704973,-0.8704973,-1.2152787,-1.2152787,-1.2152787,-1.0560509,-1.0560509,-1.0560509,-0.9600739,-0.9600739,-0.9600739,-1.0068946,-1.0068946,-1.0068946,-0.9941341,-0.9941341,-0.9941341,-1.0803223,-1.0803223,-1.0803223,-0.9985807,-0.9985807,-0.9985807,-0.98661774,-0.98661774,-0.98661774,-1.3655914,-1.3655914,-1.3655914;
R:76.068924,76.068924,76.068924,76.08242,76.08242,76.08242,76.046616,76.046616,76.046616,76.013535,76.013535,76.013535,76.274315,76.274315,76.274315,76.23542,76.23542,76.23542,76.141716,76.141716,76.141716,76.04597,76.04597,76.04597,76.01028,76.01028,76.01028,76.02707,76.02707,76.02707,76.29658,76.29658,76.29658,76.21741,76.21741,76.21741,76.23489,76.23489,76.23489,76.222664,76.222664,76.222664,76.202614,76.202614,76.202614,76.02999,76.02999,76.02999,76.11221,76.11221,76.11221,76.01344,76.01344,76.01344,76.516,76.516,76.516,76.45945,76.45945,76.45945,76.03636,76.03636,76.03636,76.29078,76.29078,76.29078,76.11966,76.11966,76.11966,76.07325,76.07325,76.07325,75.850746,75.850746,75.850746,76.56005,76.56005,76.56005,
T:23,36,53

Ax:-9.763555,-9.78989,-9.703699,-9.710882,-9.744401,-9.811439,-9.749189,-9.718064,-9.701305,-9.744401,-9.811439,-9.727641,-9.727641,-9.701305,-9.7563715,-9.811439,-9.746795,-9.694122,-9.698911,-9.725247,-9.785102,-9.7803135,-9.722853,-9.7324295,-9.749189;
Ay:0.24899697,0.21308395,0.16280572,0.16998832,0.12210429,0.22026655,0.21068975,0.17717093,0.20111294,0.15562311,0.15801731,0.16998832,0.18435353,0.15562311,0.17956513,0.16280572,0.18914193,0.16280572,0.17956513,0.18435353,0.23463176,0.15322891,0.15083471,0.15083471,0.16280572;
Az:2.4420857,2.3894134,2.3918076,2.3463178,2.420538,2.4301147,2.3630772,2.408567,2.3918076,2.3415294,2.420538,2.4109612,2.3654714,2.4181437,2.3630772,2.3750482,2.4301147,2.3942018,2.4133554,2.3439236,2.4420857,2.4253263,2.372654,2.3702598,2.3798366;
Gx:-0.24361002,-0.27009588,-0.18375498,-0.19108722,-0.22445641,-0.29134443,-0.22924481,-0.19797055,-0.18121114,-0.22430678,-0.2911948,-0.20739773,-0.20754737,-0.1810615,-0.23627777,-0.29134443,-0.22670098,-0.17417817,-0.17896658,-0.20545243,-0.26515785,-0.26036942,-0.20305823,-0.2124854,-0.22924481;
Gy:0.08379706,0.047584757,1.496376E-4,0.004489128,-0.04369418,0.055964466,0.04504092,0.011372458,0.035164837,-0.011821371,-0.008678981,0.0037409402,0.016759412,-0.011222821,0.011971008,-0.004040215,0.022744916,-0.0055365916,0.011821371,0.017208325,0.066139825,-0.015412673,-0.017657237,-0.018854339,-0.005985504;
Gz:0.0935235,0.040402155,0.04309563,-0.0023942017,0.0724246,0.08200141,0.014963761,0.061052144,0.044143096,-0.0062847794,0.07317279,0.06359598,0.017956512,0.07092822,0.015263036,0.027234044,0.08245032,0.045938745,0.06494272,-0.0047884034,0.093972415,0.07691373,0.024091655,0.021996727,0.032022446;
Y:40.408813,40.408813,40.81002,40.98113,40.98113,41.02576,41.059826,41.059826,40.730106,40.810043,40.810043,40.1912,40.14095,40.14095,39.65259,39.509617,39.509617,39.447914,39.563465,39.563465,39.72308,39.671383,39.671383,39.904526,39.890636,39.890636,40.20475,40.390263,40.390263,40.754333,40.637833,40.637833,40.903305,40.862053,40.862053,40.858204,40.91964,40.91964,40.640804,40.57545,40.57545,40.134224,40.225418,40.225418,39.86892,39.89806,39.89806,39.692528,39.5174,39.5174,39.357845,39.440983,39.440983,39.257805,39.19737,39.19737,39.09001,39.227966,39.227966,39.409782,39.181053,39.181053,39.397903,39.546425,39.546425,39.458897,39.53095,39.53095,39.386974,39.395756,39.395756,39.280212,39.25299,39.25299,39.12542;
P:-1.4172393,-1.4172393,-1.4172393,-1.2113401,-1.2113401,-1.2113401,-0.933274,-0.933274,-0.933274,-0.9748113,-0.9748113,-0.9748113,-0.69674724,-0.69674724,-0.69674724,-1.248364,-1.248364,-1.248364,-1.2031969,-1.2031969,-1.2031969,-1.013783,-1.013783,-1.013783,-1.1530821,-1.1530821,-1.1530821,-0.8896453,-0.8896453,-0.8896453,-0.8958379,-0.8958379,-0.8958379,-0.9717338,-0.9717338,-0.9717338,-1.0549759,-1.0549759,-1.0549759,-0.8917489,-0.8917489,-0.8917489,-1.0247802,-1.0247802,-1.0247802,-0.92396706,-0.92396706,-0.92396706,-1.0787028,-1.0787028,-1.0787028,-0.9340893,-0.9340893,-0.9340893,-1.0292718,-1.0292718,-1.0292718,-1.0557557,-1.0557557,-1.0557557,-1.3327386,-1.3327386,-1.3327386,-0.8712008,-0.8712008,-0.8712008,-0.8634488,-0.8634488,-0.8634488,-0.8626959,-0.8626959,-0.8626959,-0.92943114,-0.92943114,-0.92943114;
R:75.957146,75.957146,75.957146,76.284004,76.284004,76.284004,76.15351,76.15351,76.15351,76.41667,76.41667,76.41667,76.04991,76.04991,76.04991,76.08884,76.08884,76.08884,76.375015,76.375015,76.375015,76.08006,76.08006,76.08006,76.15022,76.15022,76.15022,76.4883,76.4883,76.4883,76.14154,76.14154,76.14154,76.07995,76.07995,76.07995,76.33265,76.33265,76.33265,76.003685,76.003685,76.003685,76.384674,76.384674,76.384674,76.39222,76.39222,76.39222,76.00019,76.00019,76.00019,76.12702,76.12702,76.12702,76.02701,76.02701,76.02701,76.44933,76.44933,76.44933,75.986855,75.986855,75.986855,76.072716,76.072716,76.072716,76.28622,76.28622,76.28622,76.31251,76.31251,76.31251,76.28203,76.28203,76.28203,
T:23,36,54

Ax:-9.7803135,-9.744401,-9.725247,-9.698911,-9.76116,-9.8042555,-9.785102,-9.730036,-9.706094,-9.76116,-9.7803135,-9.787497,-9.713276,-9.672575,-9.751583,-9.811439,-9.746795,-9.727641,-9.701305,-9.734824,-9.782708,-9.794679,-9.742006,-9.722853,-9.751583,-9.85214;
Ay:0.19153613,0.20350714,0.16519992,0.1412579,0.17477672,0.18195933,0.22744916,0.17717093,0.17956513,0.21308395,0.20590134,0.15322891,0.17477672,0.14844051,0.17477672,0.14844051,0.16998832,0.17477672,0.16998832,0.16519992,0.18435353,0.19393034,0.16759412,0.1436521,0.15801731,0.19393034;
Az:2.3319526,2.4851813,2.372654,2.4181437,2.4133554,2.3558946,2.420538,2.3774424,2.4253263,2.4229321,2.432509,2.4349031,2.3774424,2.4181437,2.396596,2.468422,2.4396915,2.4181437,2.4157495,2.3630772,2.3918076,2.3894134,2.4396915,2.4109612,2.4133554,2.396596;
Gx:-0.26021978,-0.22415714,-0.20530279,-0.17896658,-0.24121583,-0.28446108,-0.26515785,-0.2100912,-0.18614918,-0.24136546,-0.26066872,-0.26800096,-0.19393034,-0.15307927,-0.23223756,-0.29209262,-0.22744916,-0.20859483,-0.1822586,-0.21592706,-0.26366147,-0.27548283,-0.2228104,-0.20365678,-0.2323872,-0.33309332;
Gy:0.022744916,0.033369187,-0.0055365916,-0.028880058,0.004638766,0.010773907,0.05701193,0.0062847794,0.0077811554,0.041748893,0.034566287,-0.019303251,0.0025438394,-0.023343466,0.0032920274,-0.023493104,-8.9782564E-4,0.0020949265,-0.0032920274,-0.0058358666,0.011522096,0.02124854,-0.004040215,-0.028281508,-0.0134673845,0.022894554;
Gz:-0.015711948,0.13841479,0.024839843,0.07032967,0.065092355,0.0073322426,0.072574235,0.02932897,0.077213004,0.074220255,0.08319851,0.08544307,0.027383681,0.06838439,0.046537295,0.118213706,0.08903438,0.06688801,0.06404489,0.011073183,0.040551793,0.038307227,0.08903438,0.06000468,0.062249243,0.045190558;
Y:39.186695,39.186695,39.33471,39.005665,39.005665,39.464157,39.73253,39.73253,40.26288,40.200653,40.200653,40.517265,40.503593,40.503593,40.528397,40.646255,40.646255,40.552616,40.351646,40.351646,40.245403,40.376045,40.376045,40.385254,40.282204,40.282204,40.387875,40.368607,40.368607,40.455517,40.458103,40.458103,40.627773,40.705666,40.705666,40.79339,40.82924,40.82924,40.67165,40.617676,40.617676,40.30181,40.33971,40.33971,39.867188,39.80168,39.80168,39.236454,39.22519,39.22519,38.800816,38.82642,38.82642,38.811443,38.80996,38.80996,39.206425,39.335217,39.335217,39.82872,39.767845,39.767845,40.181473,40.177086,40.177086,40.532837,40.45654,40.45654,40.7628,40.842243,40.842243,40.984356,40.971306,40.971306,40.761585,40.784634,40.784634,40.299053;
P:-1.0913429,-1.0913429,-1.0913429,-1.1593221,-1.1593221,-1.1593221,-0.9454481,-0.9454481,-0.9454481,-0.8096332,-0.8096332,-0.8096332,-0.9958116,-0.9958116,-0.9958116,-1.0338216,-1.0338216,-1.0338216,-1.2926203,-1.2926203,-1.2926203,-1.0133592,-1.0133592,-1.0133592,-1.0282569,-1.0282569,-1.0282569,-1.2137345,-1.2137345,-1.2137345,-1.1704023,-1.1704023,-1.1704023,-0.87039936,-0.87039936,-0.87039936,-1.0012952,-1.0012952,-1.0012952,-0.8529752,-0.8529752,-0.8529752,-0.9971312,-0.9971312,-0.9971312,-0.84059,-0.84059,-0.84059,-0.9692652,-0.9692652,-0.9692652,-0.9989286,-0.9989286,-0.9989286,-0.97410536,-0.97410536,-0.97410536,-0.9447837,-0.9447837,-0.9447837,-1.0487193,-1.0487193,-1.0487193,-1.1019752,-1.1019752,-1.1019752,-0.9560581,-0.9560581,-0.9560581,-0.8215869,-0.8215869,-0.8215869,-0.9011724,-0.9011724,-0.9011724,-1.0957243,-1.0957243,-1.0957243;
R:76.58917,76.58917,76.58917,75.69247,75.69247,75.69247,76.28947,76.28947,76.28947,76.00037,76.00037,76.00037,76.11265,76.11265,76.11265,76.488396,76.488396,76.488396,76.10568,76.10568,76.10568,76.26935,76.26935,76.26935,75.970406,75.970406,75.970406,76.05969,76.05969,76.05969,76.03308,76.03308,76.03308,76.02973,76.02973,76.02973,76.24656,76.24656,76.24656,75.96376,75.96376,75.96376,76.19237,76.19237,76.19237,75.87826,75.87826,75.87826,75.947205,75.947205,75.947205,76.0401,76.0401,76.0401,76.017,76.017,76.017,76.35566,76.35566,76.35566,76.261086,76.261086,76.261086,76.29046,76.29046,76.29046,75.94057,75.94057,75.94057,76.07336,76.07336,76.07336,76.09954,76.09954,76.09954,76.32799,76.32799,76.32799,
T:23,36,55

Ax:-9.763555,-9.7563715,-9.713276,-9.710882,-9.765948,-9.773131,-9.742006,-9.737218,-9.749189,-9.765948,-9.792285,-9.734824,-9.7563715,-9.715671,-9.782708,-9.768343,-9.698911,-9.696517,-9.722853,-9.746795,-9.775525,-9.7084875,-9.710882,-9.749189,-9.76116;
Ay:0.22505496,0.1364695,0.16280572,0.16280572,0.23702596,0.21068975,0.18195933,0.16519992,0.16759412,0.1388637,0.19632454,0.1412579,0.1412579,0.17477672,0.17238252,0.18435353,0.20590134,0.15562311,0.15322891,0.15801731,0.21068975,0.21308395,0.17956513,0.17956513,0.1604115;
Az:2.3870192,2.3582888,2.4756045,2.4181437,2.4133554,2.4037786,2.4420857,2.4013844,2.3439236,2.3942018,2.3535004,2.420538,2.3750482,2.4588451,2.372654,2.3870192,2.3822308,2.3463178,2.4157495,2.4037786,2.3989902,2.4349031,2.3774424,2.4037786,2.4157495;
Gx:-0.24435821,-0.2371756,-0.19393034,-0.19183542,-0.24705169,-0.25423428,-0.22310968,-0.21832126,-0.23044191,-0.24690205,-0.27323827,-0.21547815,-0.23702596,-0.19632454,-0.26351184,-0.24899697,-0.1794155,-0.1770213,-0.20320787,-0.22729953,-0.25602993,-0.18899229,-0.19138649,-0.22954409,-0.2415151;
Gy:0.0537199,-0.036661215,-0.008978256,-0.008678981,0.06494272,0.03815759,0.008828619,-0.0074818805,-0.0047884034,-0.032920275,0.024839843,-0.03067571,-0.03007716,0.0038905777,0.001496376,0.013916298,0.03546411,-0.015263036,-0.01690905,-0.011821371,0.040851068,0.04309563,0.009726444,0.009427169,-0.009876082;
Gz:0.03606266,0.0073322426,0.12524667,0.0664391,0.06135142,0.051475335,0.09008184,0.049081136,-0.008529344,0.04249708,0.0020949265,0.070180036,0.02439093,0.10878654,0.021996727,0.03696049,0.03232172,-0.0034416649,0.06628946,0.054019175,0.049081136,0.0851438,0.027533319,0.05431845,0.06628946;
Y:40.226902,40.226902,39.78346,39.967884,39.967884,39.78153,39.498756,39.498756,39.5614,39.66995,39.66995,39.695385,39.61777,39.61777,39.527916,39.59019,39.59019,39.64012,39.5954,39.5954,39.838287,39.93966,39.93966,40.1936,40.30331,40.30331,40.43943,40.39874,40.39874,40.56154,40.560093,40.560093,40.942993,40.878185,40.878185,41.33818,41.431923,41.431923,41.592422,41.36421,41.36421,41.11151,41.3069,41.3069,40.825127,40.7733,40.7733,40.1401,40.08177,40.08177,39.46639,39.611385,39.611385,39.423717,39.30662,39.30662,39.553257,39.581226,39.581226,39.894573,39.83347,39.83347,39.98428,39.873344,39.873344,39.929245,40.09714,40.09714,40.310165,40.278805,40.278805,40.55364,40.567444,40.567444,40.53538;
P:-1.2826983,-1.2826983,-1.2826983,-0.77895546,-0.77895546,-0.77895546,-0.9305124,-0.9305124,-0.9305124,-0.9320333,-0.9320333,-0.9320333,-1.3497465,-1.3497465,-1.3497465,-1.1992632,-1.1992632,-1.1992632,-1.0379286,-1.0379286,-1.0379286,-0.94370705,-0.94370705,-0.94370705,-0.95756906,-0.95756906,-0.95756906,-0.7912166,-0.7912166,-0.7912166,-1.11677,-1.11677,-1.11677,-0.80677414,-0.80677414,-0.80677414,-0.80596644,-0.80596644,-0.80596644,-0.99909884,-0.99909884,-0.99909884,-0.98107564,-0.98107564,-0.98107564,-1.0502927,-1.0502927,-1.0502927,-1.1810739,-1.1810739,-1.1810739,-0.89369565,-0.89369565,-0.89369565,-0.87625027,-0.87625027,-0.87625027,-0.90179586,-0.90179586,-0.90179586,-1.1991224,-1.1991224,-1.1991224,-1.2195783,-1.2195783,-1.2195783,-1.0289613,-1.0289613,-1.0289613,-1.0245062,-1.0245062,-1.0245062,-0.91392636,-0.91392636,-0.91392636;
R:76.26167,76.26167,76.26167,76.41124,76.41124,76.41124,75.70154,75.70154,75.70154,76.01695,76.01695,76.01695,76.1192,76.1192,76.1192,76.18194,76.18194,76.18194,75.92732,75.92732,75.92732,76.14622,76.14622,76.14622,76.481384,76.481384,76.481384,76.22515,76.22515,76.22515,76.485725,76.485725,76.485725,76.03673,76.03673,76.03673,76.31828,76.31828,76.31828,75.797775,75.797775,75.797775,76.36699,76.36699,76.36699,76.26814,76.26814,76.26814,76.20028,76.20028,76.20028,76.39731,76.39731,76.39731,76.04678,76.04678,76.04678,76.146034,76.146034,76.146034,76.21166,76.21166,76.21166,75.92055,75.92055,75.92055,76.24329,76.24329,76.24329,76.14931,76.14931,76.14931,76.0994,76.0994,76.0994,
T:23,36,56

Ax:-9.782708,-9.715671,-9.722853,-9.682152,-9.787497,-9.801862,-9.727641,-9.701305,-9.722853,-9.794679,-9.825804,-9.746795,-9.722853,-9.691729,-9.742006,-9.801862,-9.703699,-9.742006,-9.730036,-9.82341,-9.782708,-9.734824,-9.703699,-9.7563715,-9.773131,-9.770737;
Ay:0.22266077,0.18435353,0.17238252,0.18435353,0.20111294,0.18914193,0.15322891,0.1364695,0.18435353,0.19632454,0.19153613,0.21308395,0.18674773,0.14604631,0.18435353,0.1604115,0.20111294,0.15083471,0.1388637,0.18914193,0.23942018,0.21787235,0.16519992,0.15562311,0.19153613,0.20111294;
Az:2.468422,2.3750482,2.432509,2.4181437,2.4061728,2.4253263,2.4109612,2.420538,2.4061728,2.4229321,2.4013844,2.4301147,2.3989902,2.4013844,2.4277205,2.3415294,2.3702598,2.3247697,2.4372973,2.4612393,2.4013844,2.4349031,2.4013844,2.4396915,2.420538,2.3343468;
Gx:-0.26321256,-0.19632454,-0.20350714,-0.16295536,-0.26830024,-0.28266543,-0.20844519,-0.18210897,-0.20380642,-0.27563247,-0.3067571,-0.22774844,-0.20395605,-0.17283143,-0.22310968,-0.28311434,-0.1846528,-0.22296004,-0.21068975,-0.30421326,-0.26366147,-0.21577743,-0.1846528,-0.23747487,-0.25423428,-0.25184008;
Gy:0.052373163,0.01316811,5.985504E-4,0.012719196,0.028880058,0.0163105,-0.019752163,-0.0362123,0.011671733,0.023343466,0.01810615,0.03875614,0.012419921,-0.028580783,0.009427169,-0.014664485,0.026485857,-0.024690205,-0.036361936,0.014664485,0.06434417,0.042048167,-0.010773907,-0.020500353,0.016011223,0.025438393;
Gz:0.11881226,0.02439093,0.082300685,0.06748656,0.055216275,0.07466917,0.06000468,0.06958149,0.054917,0.071377136,0.049679685,0.07855974,0.047135845,0.049530048,0.07556699,-0.010773907,0.018704701,-0.02633622,0.087089084,0.11058219,0.050278235,0.0839467,0.050128598,0.088136554,0.06868366,-0.0175076;
Y:40.347927,40.347927,40.050552,40.252193,40.252193,40.077625,39.992558,39.992558,39.999977,39.98839,39.98839,39.88225,39.9304,39.9304,39.688133,39.67757,39.67757,39.57133,39.61658,39.61658,39.727943,39.72292,39.72292,39.878845,39.842876,39.842876,40.016644,40.00259,40.00259,40.19738,40.258545,40.258545,40.3758,40.253162,40.253162,40.309795,40.394913,40.394913,40.346825,40.38962,40.38962,40.201252,40.118355,40.118355,39.98077,40.205067,40.205067,40.163624,40.000412,40.000412,39.853817,40.03593,40.03593,39.847237,39.647614,39.647614,39.619698,39.54338,39.54338,39.495037,39.511726,39.511726,39.286724,39.230724,39.230724,38.991913,39.12136,39.12136,38.90772,38.87517,38.87517,38.83149,38.822094,38.822094,39.02934,39.181217,39.181217,39.30278;
P:-1.2642522,-1.2642522,-1.2642522,-1.0559629,-1.0559629,-1.0559629,-0.98536235,-0.98536235,-0.98536235,-1.0583117,-1.0583117,-1.0583117,-1.1431172,-1.1431172,-1.1431172,-1.0731181,-1.0731181,-1.0731181,-0.87594473,-0.87594473,-0.87594473,-0.7819645,-0.7819645,-0.7819645,-1.0544443,-1.0544443,-1.0544443,-1.1146924,-1.1146924,-1.1146924,-1.0848156,-1.0848156,-1.0848156,-1.2152089,-1.2152089,-1.2152089,-1.068319,-1.068319,-1.068319,-0.8379977,-0.8379977,-0.8379977,-1.0519471,-1.0519471,-1.0519471,-0.91193044,-0.91193044,-0.91193044,-1.1534066,-1.1534066,-1.1534066,-0.8628122,-0.8628122,-0.8628122,-0.7931482,-0.7931482,-0.7931482,-1.0699837,-1.0699837,-1.0699837,-1.3615607,-1.3615607,-1.3615607,-1.2438023,-1.2438023,-1.2438023,-0.9467786,-0.9467786,-0.9467786,-0.8865496,-0.8865496,-0.8865496,-1.0898322,-1.0898322,-1.0898322,-1.1468949,-1.1468949,-1.1468949;
R:75.83845,75.83845,75.83845,76.26314,76.26314,76.26314,75.9538,75.9538,75.9538,75.97709,75.97709,75.97709,76.188225,76.188225,76.188225,76.10214,76.10214,76.10214,76.07995,76.07995,76.07995,75.99038,75.99038,75.99038,76.099945,76.099945,76.099945,76.105545,76.105545,76.105545,76.266365,76.266365,76.266365,76.00019,76.00019,76.00019,76.13983,76.13983,76.13983,76.08371,76.08371,76.08371,76.006836,76.006836,76.006836,76.56462,76.56462,76.56462,76.27351,76.27351,76.27351,76.578316,76.578316,76.578316,75.937225,75.937225,75.937225,75.93419,75.93419,75.93419,76.20817,76.20817,76.20817,75.95713,75.95713,75.95713,76.10021,76.10021,76.10021,75.96045,75.96045,75.96045,76.089325,76.089325,76.089325,76.563225,76.563225,76.563225,
T:23,36,57

Ax:-9.782708,-9.713276,-9.715671,-9.7803135,-9.801862,-9.696517,-9.7324295,-9.734824,-9.7803135,-9.7803135,-9.739613,-9.730036,-9.691729,-9.825804,-9.830592,-9.720459,-9.691729,-9.744401,-9.78989,-9.8042555,-9.775525,-9.718064,-9.765948,-9.7803135,-9.768343;
Ay:0.17477672,0.16998832,0.20829555,0.15801731,0.19393034,0.20590134,0.18674773,0.18435353,0.17477672,0.17477672,0.17717093,0.18674773,0.19393034,0.1388637,0.17717093,0.1340753,0.18435353,0.11971009,0.21547815,0.15562311,0.20111294,0.15322891,0.14604631,0.17238252,0.20111294;
Az:2.3870192,2.3894134,2.408567,2.4061728,2.4349031,2.4396915,2.3558946,2.456451,2.3750482,2.4396915,2.3918076,2.3989902,2.4516625,2.4349031,2.4301147,2.372654,2.384625,2.3942018,2.3822308,2.4061728,2.3894134,2.4229321,2.3582888,2.372654,2.432509;
Gx:-0.26366147,-0.19407998,-0.19647418,-0.26111764,-0.2825158,-0.17717093,-0.21323359,-0.21547815,-0.26111764,-0.260968,-0.22026655,-0.21068975,-0.17238252,-0.30660746,-0.3115455,-0.20126258,-0.17253216,-0.22505496,-0.2705448,-0.28476036,-0.25602993,-0.19841947,-0.2463035,-0.2605191,-0.24839842;
Gy:-0.001496376,-0.006135142,0.03187281,-0.019153614,0.017806875,0.02932897,0.009427169,0.0074818805,-0.0025438394,-0.0023942017,-4.4891282E-4,0.009277532,0.017058687,-0.0398036,4.4891282E-4,-0.042048167,0.0070329676,-0.05641338,0.040551793,-0.020500353,0.025887307,-0.02184709,-0.02932897,-0.0019452889,0.026934769;
Gz:0.03606266,0.03875614,0.05805939,0.05581483,0.08484452,0.08948329,0.0053869537,0.1062427,0.02439093,0.089782566,0.04189853,0.049230773,0.10190321,0.08424597,0.07915829,0.021996727,0.034117375,0.043993454,0.032172084,0.056563016,0.03995324,0.074220255,0.009277532,0.02439093,0.08484452;
Y:39.24687,39.24687,39.17641,39.1436,39.1436,39.130222,39.03258,39.03258,39.11775,39.23459,39.23459,39.3253,39.225597,39.225597,39.381805,39.30126,39.30126,39.495335,39.697945,39.697945,39.905186,39.72472,39.72472,39.920883,40.106255,40.106255,40.235195,40.117264,40.117264,40.289017,40.35362,40.35362,40.434383,40.401783,40.401783,40.24499,40.116043,40.116043,39.96561,40.14683,40.14683,40.035255,39.988796,39.988796,39.750748,39.868412,39.868412,39.586506,39.472736,39.472736,39.3384,39.44776,39.44776,39.52484,39.419846,39.419846,39.56409,39.619255,39.619255,39.67374,39.61965,39.61965,39.64537,39.626602,39.626602,39.772175,39.93168,39.93168,40.235466,40.173416,40.173416,40.582355,40.415638,40.415638,40.684303;
P:-0.9943637,-0.9943637,-0.9943637,-0.97359,-0.97359,-0.97359,-1.192109,-1.192109,-1.192109,-0.898831,-0.898831,-0.898831,-1.100028,-1.100028,-1.100028,-1.1797112,-1.1797112,-1.1797112,-1.068418,-1.068418,-1.068418,-1.0519449,-1.0519449,-1.0519449,-0.99487317,-0.99487317,-0.99487317,-0.9933485,-0.9933485,-0.9933485,-1.0120744,-1.0120744,-1.0120744,-1.0675757,-1.0675757,-1.0675757,-1.1113317,-1.1113317,-1.1113317,-0.7859135,-0.7859135,-0.7859135,-1.0023315,-1.0023315,-1.0023315,-0.7677007,-0.7677007,-0.7677007,-1.0581813,-1.0581813,-1.0581813,-0.6835168,-0.6835168,-0.6835168,-1.225153,-1.225153,-1.225153,-0.8831761,-0.8831761,-0.8831761,-1.1448907,-1.1448907,-1.1448907,-0.876505,-0.876505,-0.876505,-0.8328392,-0.8328392,-0.8328392,-0.98130256,-0.98130256,-0.98130256,-1.1445098,-1.1445098,-1.1445098;
R:76.28755,76.28755,76.28755,76.179955,76.179955,76.179955,76.07677,76.07677,76.07677,76.17847,76.17847,76.17847,76.0494,76.0494,76.0494,75.87724,75.87724,75.87724,76.392365,76.392365,76.392365,75.83783,75.83783,75.83783,76.350525,76.350525,76.350525,75.99346,75.99346,75.99346,76.202614,76.202614,76.202614,76.14967,76.14967,76.14967,75.80401,75.80401,75.80401,76.08207,76.08207,76.08207,76.11489,76.11489,76.11489,76.28297,76.28297,76.28297,76.1771,76.1771,76.1771,76.195854,76.195854,76.195854,76.323685,76.323685,76.323685,76.21093,76.21093,76.21093,76.26462,76.26462,76.26462,76.00029,76.00029,76.00029,76.42407,76.42407,76.42407,76.36377,76.36377,76.36377,76.01664,76.01664,76.01664,
T:23,36,58

Ax:-9.751583,-9.730036,-9.696517,-9.775525,-9.782708,-9.787497,-9.703699,-9.751583,-9.785102,-9.773131,-9.737218,-9.715671,-9.090784,-8.75799,-10.029311,-8.949526,-9.425972,-12.006922,-13.998898,-9.416395,-7.8410106,-6.4404025,-6.4523735,-6.277597,-5.853823;
Ay:0.17956513,0.1388637,0.18435353,0.22744916,0.17238252,0.1604115,0.17956513,0.12689269,0.18914193,0.17477672,0.18674773,0.18435353,0.29209262,2.7629087,2.0853498,-0.30645782,0.16759412,-3.0358477,-3.4739866,-1.7908629,0.46208093,2.2864625,2.396596,2.6886885,2.7509377;
Az:2.4109612,2.3702598,2.3558946,2.408567,2.372654,2.4349031,2.420538,2.3989902,2.3630772,2.4253263,2.408567,2.3654714,6.361394,3.0550013,3.0095115,2.2146366,0.9983821,5.2624555,7.455544,6.447585,4.4963107,4.8219223,5.475539,6.3925185,6.7372837;
Gx:-0.23163901,-0.2100912,-0.17642274,-0.25528175,-0.26246437,-0.26710314,-0.18330607,-0.23133974,-0.26470894,-0.2527379,-0.21682489,-0.19527708,0.42960957,0.73367316,-0.54782325,0.5427356,0.06374562,-2.4970028,-4.494515,-0.13377602,0.9458593,1.8022354,1.1493665,0.6084265,0.31498715;
Gy:0.0055365916,-0.0362123,0.011073183,0.054168813,-0.0035913025,-0.0134673845,0.006135142,-0.048033673,0.015711948,2.992752E-4,0.012120646,0.010773907,0.11716624,2.5433903,1.6044145,-0.5966051,-0.2275988,-3.4201171,-3.131167,-0.9959879,0.6911761,1.5903485,0.8077438,0.5638345,0.23418285;
Gz:0.06314707,0.022595279,0.008828619,0.062099606,0.026036944,0.08888474,0.07436989,0.05267244,0.01690905,0.07975684,0.06284779,0.019602526,4.0156746,0.5988497,0.5515642,-0.23148938,-1.4428058,2.8989294,5.063587,3.3862991,0.14769232,-0.44547117,-0.5128081,-0.25857377,-0.45863926;
Y:40.751324,40.751324,40.607147,40.736538,40.736538,40.352783,40.29306,40.29306,40.109863,39.983704,39.983704,39.994118,40.15004,40.15004,40.234924,40.139427,40.139427,40.352596,40.308308,40.308308,40.375347,40.521378,40.521378,40.45967,40.44537,40.44537,40.532387,40.43303,40.43303,40.612396,40.60727,40.60727,40.80968,40.883533,40.883533,40.92564,30.619762,30.619762,30.421877,35.2285,35.2285,34.91072,36.920456,36.920456,36.538162,40.793232,40.793232,40.566616,42.085575,42.085575,42.05251,41.83757,41.83757,41.80214,39.595478,39.595478,39.43987,34.168068,34.168068,33.626858,31.493155,31.493155,30.842352,23.592304,23.592304,23.159037,20.830992,20.830992,21.054314,17.066914,17.066914,17.992954,14.978148,14.978148,16.357098;
P:-1.0240936,-1.0240936,-1.0240936,-0.7944215,-0.7944215,-0.7944215,-1.0584116,-1.0584116,-1.0584116,-1.294182,-1.294182,-1.294182,-0.98107564,-0.98107564,-0.98107564,-0.9111925,-0.9111925,-0.9111925,-1.0286151,-1.0286151,-1.0286151,-0.7239379,-0.7239379,-0.7239379,-1.0764287,-1.0764287,-1.0764287,-0.9943781,-0.9943781,-0.9943781,-1.0665895,-1.0665895,-1.0665895,-1.0562027,-1.0562027,-1.0562027,-1.5079842,-1.5079842,-1.5079842,-16.587255,-16.587255,-16.587255,-11.263241,-11.263241,-11.263241,1.9038271,1.9038271,1.9038271,-1.0129486,-1.0129486,-1.0129486,13.038482,13.038482,13.038482,12.354635,12.354635,12.354635,8.918373,8.918373,8.918373,-2.926553,-2.926553,-2.926553,-15.864738,-15.864738,-15.864738,-15.812146,-15.812146,-15.812146,-16.704176,-16.704176,-16.704176,-17.130516,-17.130516,-17.130516;
R:76.1128,76.1128,76.1128,76.30927,76.30927,76.30927,76.34385,76.34385,76.34385,76.15873,76.15873,76.15873,76.36699,76.36699,76.36699,76.02973,76.02973,76.02973,75.9937,75.9937,75.9937,76.1791,76.1791,76.1791,76.42317,76.42317,76.42317,76.06288,76.06288,76.06288,76.10638,76.10638,76.10638,76.316444,76.316444,76.316444,55.017097,55.017097,55.017097,70.76998,70.76998,70.76998,73.297,73.297,73.297,76.10089,76.10089,76.10089,83.95388,83.95388,83.95388,66.33288,66.33288,66.33288,61.961094,61.961094,61.961094,55.59981,55.59981,55.59981,60.16853,60.16853,60.16853,53.17784,53.17784,53.17784,49.681778,49.681778,49.681778,44.480328,44.480328,44.480328,40.986393,40.986393,40.986393,
