T:00,05,27

 1.0462662; 5.683835; 8.350976;;;; 0.0; -0.0; -0.0,
T:00,05,28

Ax:1.1923125,1.2904748,1.3144168,1.2090719,1.316811,1.2282255,1.1923125,1.1971009,1.2090719,1.376666,1.2665327,1.2593501,1.1420342,1.2162545,1.1994951,1.1755531,1.1444284,1.30484,1.2186487,1.3335704,1.127669,1.2138603,1.3239936,1.2449849;
Ay:5.571307,5.74369,5.705383,5.657499,5.7484784,5.758055,5.6646814,5.741296,5.6215854,5.8203044,5.8634,5.6670756,5.7628436,5.7245364,5.5162406,5.707777,5.719748,5.8346696,5.616797,5.7389016,5.5856724,5.645528,5.604826,5.683835;
Az:8.463503,8.552089,8.4347725,8.4826565,8.66701,8.3150625,8.4347725,8.564059,8.4347725,8.401254,8.53054,8.724471,8.379706,8.4587145,8.346188,8.4108305,8.564059,8.432379,8.367735,8.623915,8.542512,8.4587145,8.516175,8.499416;
Gx:1.027711,1.1737574,0.25573066,0.2653075,0.1714847,0.27682957,0.185401,0.16654666,0.1731307,0.18599954,0.3561375,0.23044191,0.1189619,0.22191256,0.21802199,0.20290859,0.16280572,0.20994157,0.32770637,0.10803835,0.20290859,0.31049803,0.2287959;
Gy:-1.588852,-1.7013795,0.26680386,0.21921909,0.17522563,0.27862522,0.28191724,0.19273324,0.27608138,0.15322891,0.35389295,0.21652561,0.3333926,0.28640637,0.07586627,0.27398646,0.286556,0.21996728,0.3494038,0.20964229,0.28580782,0.24884734,0.33653498;
Gz:1.7724575,1.884985,0.4834791,0.37439328,0.41823712,0.5943606,0.24705169,0.36182374,0.4861726,0.35898063,0.3238158,0.6373066,0.27757776,0.35898063,0.2463035,0.30541036,0.45938745,0.24226329,0.4930559,0.40447044,0.30885202,0.36421794,0.34207156;
Y:0.0,0.0,0.0,-137.9634,-136.09491,-136.09491,-135.89752,-135.13892,-135.13892,-134.62202,-136.40347,-136.40347,-135.86371,-135.53114,-135.53114,-134.8537,-132.33386,-132.33386,-131.23424,-133.75,-133.75,-132.78658,-133.01369,-133.01369,-132.34048,-132.48912,-132.48912,-131.93428,-128.04712,-128.04712,-127.97176,-129.3963,-129.75847,-133.75098,-133.75098,-133.80287,-130.57059,-130.57059,-130.17628,-130.81573,-130.81573,-130.54868,-132.08264,-132.08264,-132.35504,-130.89417,-130.89417,-131.62338,-133.06616,-133.06616,-133.8864,-130.19568,-130.59245,-133.18369,-133.18369,-133.04848,-133.01497,-133.01497,-132.64847,-135.22192,-135.22192,-134.90842,-132.87642,-132.87642,-132.57076,-132.69849,-132.69849,-132.42644,-131.97711,-131.97711,-131.82022;
P:-0.0,-0.0,-0.0,-33.09783,-33.58792,-33.58792,-33.58792,-33.75662,-33.75662,-33.75662,-33.435806,-33.435806,-33.435806,-33.254234,-33.254234,-33.254234,-34.413162,-34.413162,-34.413162,-33.622948,-33.622948,-33.622948,-33.581745,-33.581745,-33.581745,-33.414192,-33.414192,-33.414192,-34.35932,-34.35932,-34.35932,-34.211372,-34.211372,-32.73687,-32.73687,-32.73687,-34.271114,-34.271114,-34.271114,-33.817047,-33.817047,-33.817047,-33.19302,-33.19302,-33.19302,-33.904633,-33.904633,-33.904633,-33.504303,-33.504303,-33.504303,-34.364246,-34.364246,-33.593594,-33.593594,-33.593594,-33.330803,-33.330803,-33.330803,-32.953083,-32.953083,-32.953083,-33.45089,-33.45089,-33.45089,-33.037018,-33.037018,-33.037018,-33.491474,-33.491474,-33.491474;
R:-0.0,-0.0,-0.0,-8.018885,-8.580958,-8.580958,-8.580958,-8.857341,-8.857341,-8.857341,-8.111989,-8.111989,-8.111989,-8.63909,-8.63909,-8.63909,-8.402454,-8.402454,-8.402454,-8.045841,-8.045841,-8.045841,-7.9573565,-7.9573565,-7.9573565,-8.157423,-8.157423,-8.157423,-9.306029,-9.306029,-9.306029,-8.445035,-8.445035,-8.213732,-8.213732,-8.213732,-7.760782,-7.760782,-7.760782,-8.182316,-8.182316,-8.182316,-8.178418,-8.178418,-8.178418,-7.9564943,-7.9564943,-7.9564943,-7.6114306,-7.6114306,-7.6114306,-8.796275,-8.796275,-8.286109,-8.286109,-8.286109,-8.790382,-8.790382,-8.790382,-7.5199485,-7.5199485,-7.5199485,-8.166426,-8.166426,-8.166426,-8.836921,-8.836921,-8.836921,-8.333358,-8.333358,-8.333358,
T:00,05,29

Ax:1.1109096,1.2904748,1.2856863,1.2593501,1.2904748,1.2689269,1.2401965,1.2138603,1.3192052,1.2330139,1.2354081,1.2641385,1.3359646,1.3120226,1.2234371,1.2449849,1.1971009,1.2090719,1.3072342,1.8531121,7.1586633,7.795521,-4.996699,-10.603919,-12.028469;
Ay:5.583278,5.6551046,5.683835,5.6431336,5.6359506,5.583278,5.6766524,5.5760956,5.645528,5.542577,5.6000376,5.7029886,5.602432,5.6359506,5.566519,5.7005944,5.5760956,5.4779334,5.6407394,6.019023,8.322245,9.387665,4.3885717,0.7134721,-2.4492683;
Az:8.623915,8.578424,8.367735,8.564059,8.623915,8.444349,8.47308,8.532935,8.525752,8.432379,8.561666,8.391677,8.588001,8.576031,8.499416,8.578424,8.480263,8.480263,8.599973,8.731653,13.227964,10.036493,5.231331,5.5258174,6.622362;
Gx:0.2789245,0.27024552,0.24106619,0.27129298,0.25049335,0.22131401,0.30062196,0.2124854,0.22011691,0.24690205,0.31543607,0.29628247,0.2371756,0.19048867,0.21802199,0.3238158,0.8692449,6.17719,-5.013608,-9.227403,-10.100538;
Gy:0.32770637,0.35793316,0.31453824,0.3226187,0.28101942,0.37095162,0.35658643,0.2582745,0.3119944,0.42003277,0.32022446,0.3676596,0.44606972,0.3226187,0.23223756,0.40641573,0.789488,3.089418,-1.2237363,-5.309292,-8.843432;
Gz:0.4074632,0.19632454,0.394744,0.44472298,0.25797522,0.2889502,0.33069912,0.23463176,0.3657143,0.19273324,0.38890815,0.36736032,0.3600281,0.26111764,0.25408465,0.3657143,0.49440265,4.992509,-2.810344,-2.0899885,-0.5585972;
Y:-135.1219,-134.81439,-132.12146,-132.12146,-131.59003,-129.32828,-129.32828,-128.84743,-131.39287,-131.39287,-131.0664,-131.45258,-131.45258,-131.22453,-130.38086,-130.38086,-129.94446,-129.2446,-129.2446,-128.7214,-130.7862,-130.59286,-128.89209,-128.89209,-129.35405,-130.37456,-130.37456,-131.12025,-131.56935,-131.56935,-131.9756,-128.95113,-128.95113,-129.02646,-131.51277,-131.51277,-131.71268,-131.39594,-131.39594,-131.78545,-132.61818,-132.71825,-131.6716,-131.6716,-131.238,-132.21089,-132.21089,-131.49883,-132.56961,-132.56961,-131.96179,-130.35277,-130.35277,-130.15169,-123.991264,-123.991264,-123.86682,-124.48821,-124.48821,-124.27567,-113.7779,-113.78718,121.31229,121.31229,122.335884,137.6111,137.6111,139.41306,143.6612,143.6612,146.85933;
P:-32.70502,-32.70502,-33.0999,-33.0999,-33.0999,-33.876522,-33.876522,-33.876522,-33.10119,-33.10119,-33.10119,-32.875782,-32.875782,-32.875782,-33.178425,-33.178425,-33.178425,-33.540398,-33.540398,-33.540398,-32.901485,-32.901485,-33.200188,-33.200188,-33.200188,-33.0392,-33.0392,-33.0392,-32.91813,-32.91813,-32.91813,-33.901825,-33.901825,-33.901825,-32.805943,-32.805943,-32.805943,-33.00842,-33.00842,-33.00842,-32.95325,-32.95325,-33.330406,-33.330406,-33.330406,-33.06747,-33.06747,-33.06747,-32.59874,-32.59874,-32.59874,-32.96153,-32.96153,-32.96153,-33.99238,-33.99238,-33.99238,-28.956263,-28.956263,-28.956263,-36.45337,-36.45337,-31.24273,-31.24273,-31.24273,-3.4146862,-3.4146862,-3.4146862,10.113786,10.113786,10.113786;
R:-7.3402653,-7.3402653,-8.555006,-8.555006,-8.555006,-8.735074,-8.735074,-8.735074,-8.365425,-8.365425,-8.365425,-8.510541,-8.510541,-8.510541,-8.545857,-8.545857,-8.545857,-8.327197,-8.327197,-8.327197,-8.09634,-8.09634,-8.795727,-8.795727,-8.795727,-8.319046,-8.319046,-8.319046,-8.210838,-8.210838,-8.210838,-8.566733,-8.566733,-8.566733,-8.84216,-8.84216,-8.84216,-8.698078,-8.698078,-8.698078,-8.191101,-8.191101,-8.257669,-8.257669,-8.257669,-8.034965,-8.034965,-8.034965,-8.114248,-8.114248,-8.114248,-8.643052,-8.643052,-8.643052,-11.982055,-11.982055,-11.982055,-28.421207,-28.421207,-28.421207,-37.837112,-37.837112,43.68586,43.68586,43.68586,62.475487,62.475487,62.475487,61.164692,61.164692,61.164692,
T:00,05,30

Ax:-6.093243,12.840104,11.432313,7.297527,-2.2242134,-12.684481,-10.819398,-1.8794483,7.867347,9.591172,4.074931,-6.3350577,-15.184027,-12.459426,-2.3678656,12.703634,12.785037,6.1650696,-4.4580035,-12.433089,-12.258312,-3.9360676,9.124303,13.067553,2.9951463;
Ay:0.78050977,13.03164,15.868769,8.355764,5.9998693,1.8387469,-1.8363527,6.3566055,11.686098,15.004462,7.872135,4.1060557,-1.2401965,-4.5202527,1.9488802,11.6430025,17.508797,9.49301,3.4524388,-0.33518824,-3.8666358,0.40222588,9.598354,17.958906,7.9248075;
Az:8.130709,12.464214,7.225701,1.0845734,-0.6344634,3.964798,11.207258,12.653356,10.077195,2.0949266,0.7469909,2.6982653,7.2472486,12.332533,11.197681,8.420407,3.028665,1.0869676,1.5155296,5.9807158,14.602236,14.396335,11.654974,3.6296098,1.7310078;
Gx:-4.2913074,14.153623,11.799075,-1.3034931,-10.638336,-7.679103,1.103727,9.783008,10.70717,-4.2247186,-11.917887,-8.457967,1.1526585,14.986955,13.986926,-1.7733552,-8.338705,-7.715764,-0.48332947,11.348067,14.577696;
Gy:-5.9920883,6.291214,9.021202,-1.7580923,-5.9364233,-8.875156,0.06359598,5.08289,8.005761,-3.4917936,-8.168866,-10.481067,-3.6222775,5.311836,10.441113,-3.9047933,-7.023241,-9.508123,-4.2112513,4.518008,12.094609;
Gz:1.2711715,5.463568,0.21532851,-6.5619082,-1.6502035,5.144092,5.749077,3.08448,-4.6830587,-3.1317654,1.1239281,5.6521115,3.9356186,1.2880806,-3.66253,-4.386477,0.092176765,7.991097,6.461352,3.5670612,-4.0839095;
Y:157.18794,157.18794,162.3861,-127.356895,-127.356895,-132.12883,-125.49892,-125.49892,-129.33446,-139.66354,-141.2038,112.94731,112.94731,114.67802,152.7536,152.7536,153.71312,168.24828,168.24828,169.03772,-166.76505,-166.76505,-165.65657,-137.17497,-137.17497,-136.25764,-138.80362,-138.80362,-137.6864,-135.34824,-134.12509,145.14728,145.14728,145.07787,158.11682,158.11682,158.95282,168.88104,168.88104,170.20183,-169.97896,-169.97896,-168.23074,-141.51463,-141.51463,-140.95345,-141.3877,-141.3877,-140.57935,-140.63138,-139.75523,140.20015,140.20015,140.66725,159.20688,159.20688,159.18294,172.07516,172.07516,172.11308,-173.70798,-173.70798,-173.22192,-140.87677,-140.87677,-138.8526,-137.00687,-137.00687,-135.12224,-116.21668,-114.462616;
P:-4.392717,-4.392717,-4.392717,-36.06342,-36.06342,-36.06342,-49.56026,-49.56026,-49.56026,-48.557255,-48.557255,-68.91848,-68.91848,-68.91848,-7.877373,-7.877373,-7.877373,6.723232,6.723232,6.723232,-26.423405,-26.423405,-26.423405,-42.42978,-42.42978,-42.42978,-56.80361,-56.80361,-56.80361,-62.243717,-62.243717,-30.808125,-30.808125,-30.808125,4.21576,4.21576,4.21576,14.45858,14.45858,14.45858,-9.663515,-9.663515,-9.663515,-37.37731,-37.37731,-37.37731,-53.114872,-53.114872,-53.114872,-56.597164,-56.597164,-36.249783,-36.249783,-36.249783,1.3917102,1.3917102,1.3917102,11.464574,11.464574,11.464574,-1.5437661,-1.5437661,-1.5437661,-32.961853,-32.961853,-32.961853,-52.940514,-52.940514,-52.940514,-66.41752,-66.41752;
R:36.848297,36.848297,36.848297,-45.85105,-45.85105,-45.85105,-57.7054,-57.7054,-57.7054,-81.54646,-81.54646,105.92095,105.92095,105.92095,72.64228,72.64228,72.64228,43.991203,43.991203,43.991203,8.448578,8.448578,8.448578,-37.979443,-37.979443,-37.979443,-77.678825,-77.678825,-77.678825,-79.61223,-79.61223,66.92959,66.92959,66.92959,64.48513,64.48513,64.48513,45.293255,45.293255,45.293255,11.939893,11.939893,11.939893,-56.462208,-56.462208,-56.462208,-76.67279,-76.67279,-76.67279,-80.00091,-80.00091,71.224174,71.224174,71.224174,64.31095,64.31095,64.31095,40.01285,40.01285,40.01285,15.291393,15.291393,15.291393,-38.056244,-38.056244,-38.056244,-74.47697,-74.47697,-74.47697,-59.974766,-59.974766,
T:00,05,31

Ax:-3.8379054,-11.597513,-10.235212,-2.8921957,3.2944214,2.3175871,2.5091233,1.3000516,-0.34476504,1.0175357,2.0087352,2.111686,2.384625,1.7836803,1.7836803,1.7764976,1.9800048,1.7525556,0.6847417,1.2497733,1.5825673,1.3599066,1.2066777,1.4532804,0.521936,-1.3000516;
Ay:5.741296,-0.50038815,-2.030283,4.209007,9.016563,8.324639,7.338228,6.64391,4.7907977,5.3845596,6.256049,6.4858923,7.1155677,7.445967,6.8809357,6.967127,6.813898,7.539341,6.007052,6.576872,6.600814,6.5577183,6.3901243,6.105214,6.363788,7.6135616;
Az:3.7660792,9.361329,11.370064,8.200141,6.483498,6.742072,8.726865,9.277532,8.693346,8.336611,8.207323,8.152257,6.83784,6.7827735,7.6111674,7.845799,7.553706,6.8210807,8.137892,7.395689,7.702147,7.7213006,8.48984,8.599973,7.704541,5.719748;
Gx:-0.20620061,-7.1754227,-5.8424506,0.7062895,6.0514946,4.26946,1.6328455,-0.40327334,0.8381202,1.5439608,1.3624504,1.4643536,0.775871,0.73696524,0.9219173,0.7230489,-0.2323872,0.5222353,0.90874916,0.92057055,1.3364135,0.6947674,-0.65780693;
Gy:-0.5232827,-6.1629744,-6.9181952,-0.34685996,4.008941,2.9608793,1.0317513,-0.7751228,-0.102651395,0.73352355,0.8255507,1.2503718,0.64703304,0.7659949,0.6835446,1.4101849,-0.19677345,0.45205522,0.48078564,0.21652561,-0.093373865,0.10534488,1.3204023;
Gz:-2.8471546,2.6868927,4.091242,0.29673138,-1.4847044,-1.2322657,1.242441,0.6194997,0.21098903,0.11686697,0.1794155,-0.9674071,0.10848726,0.3203741,-0.027084406,-0.76449853,0.59870005,-0.22834699,0.037858315,0.8758289,1.0018238,0.15667057,-1.7736546;
Y:125.16926,125.16926,123.80988,161.38504,161.38504,161.48413,167.72052,167.72052,168.17096,-174.41708,-174.41708,-173.03618,-115.07069,-115.07069,-114.03356,-114.28604,-114.28604,-112.536736,-128.70137,-127.5911,-135.50673,-135.50673,-135.4335,-152.49713,-152.49713,-154.65282,-140.56604,-140.56604,-141.58524,-130.67703,-130.67703,-130.56654,-128.18044,-128.18044,-128.22911,-111.764175,-111.764175,-111.249504,-104.671265,-104.66579,-121.58186,-121.58186,-122.82804,-124.40127,-124.40127,-125.807465,-123.8332,-123.8332,-124.6263,-106.68346,-106.68346,-106.559044,-148.3589,-148.3589,-147.84247,-128.07446,-128.07446,-126.60698,-128.10498,-126.30527,-128.18983,-128.18983,-126.49818,-137.34554,-137.34554,-136.42615,-138.15027,-138.15027,-137.74138,-135.00308,-135.00308,-134.43393,29.19123,29.19123,24.232723;
P:-46.876278,-46.876278,-46.876278,1.9228983,1.9228983,1.9228983,7.559718,7.559718,7.559718,-25.829723,-25.829723,-25.829723,-51.111435,-51.111435,-51.111435,-49.422985,-49.422985,-49.422985,-38.94301,-38.94301,-35.34426,-35.34426,-35.34426,-28.8396,-28.8396,-28.8396,-32.665356,-32.665356,-32.665356,-36.5162,-36.5162,-36.5162,-37.6026,-37.6026,-37.6026,-44.496586,-44.496586,-44.496586,-46.71362,-46.71362,-41.35457,-41.35457,-41.35457,-40.895287,-40.895287,-40.895287,-41.107338,-41.107338,-41.107338,-46.950947,-46.950947,-46.950947,-36.336674,-36.336674,-36.336674,-41.245995,-41.245995,-41.245995,-40.012524,-40.012524,-39.91007,-39.91007,-39.91007,-36.693096,-36.693096,-36.693096,-34.99151,-34.99151,-34.99151,-39.491592,-39.491592,-39.491592,-52.388653,-52.388653,-52.388653;
R:45.54119,45.54119,45.54119,51.09008,51.09008,51.09008,41.993214,41.993214,41.993214,19.427784,19.427784,19.427784,-26.93622,-26.93622,-26.93622,-18.970406,-18.970406,-18.970406,-16.040852,-16.040852,-7.976861,-7.976861,-7.976861,2.2710743,2.2710743,2.2710743,-6.958888,-6.958888,-6.958888,-13.752741,-13.752741,-13.752741,-14.522191,-14.522191,-14.522191,-19.22568,-19.22568,-19.22568,-14.733607,-14.733607,-13.189277,-13.189277,-13.189277,-12.75816,-12.75816,-12.75816,-14.6881275,-14.6881275,-14.6881275,-14.409455,-14.409455,-14.409455,-4.8096743,-4.8096743,-4.8096743,-9.59161,-9.59161,-9.59161,-11.611018,-11.611018,-9.988721,-9.988721,-9.988721,-8.08938,-8.08938,-8.08938,-9.591605,-9.591605,-9.591605,-3.8755207,-3.8755207,-3.8755207,12.805302,12.805302,12.805302,
