T:16,23,57
MJ -9.410859 -0.031124622 2.6101289
T:16,23,57
MJ -9.394099 -0.05267244 2.5574563
T:16,23,57
MJ -9.401282 -0.033518825 2.590975
T:16,23,58
MJ -9.408464 -0.031124622 2.579004
T:16,23,58
MJ -9.406071 -0.007182605 2.590975
T:16,23,58
MJ -9.42283 -0.035913024 2.5598505
T:16,23,58
MJ -9.425224 0.009576807 2.5837924
T:16,23,58
MJ -9.3677635 -0.038307227 2.5263317
T:16,23,58
MJ -9.406071 -0.009576807 2.5406969
T:16,23,58
MJ -9.382129 -0.0023942017 2.5813982
T:16,23,58
MJ -9.394099 0.031124622 2.5574563
T:16,23,58
MJ -9.420436 0.009576807 2.5598505
T:16,23,58
MJ -9.398888 0.016759412 2.5718215
T:16,23,59
MJ -9.403676 -0.0047884034 2.543091
T:16,23,59
MJ -9.430013 -0.019153614 2.5957634
T:16,23,59
MJ -9.379734 -0.007182605 2.5813982
T:16,23,59
MJ -9.396494 -0.02873042 2.543091
T:16,23,59
MJ -9.382129 -0.05746084 2.5933692
T:16,23,59
MJ -9.4156475 -0.047884032 2.5646389
T:16,23,59
MJ -9.372552 -0.05267244 2.507178
T:16,23,59
MJ -9.3917055 -0.0023942017 2.590975
T:16,24,00
MJ -9.458743 -0.05267244 2.507178
T:16,24,00
MJ -9.3917055 -0.007182605 2.5454853
T:16,24,00
MJ -9.427618 -0.062249243 2.5574563
T:16,24,00
MJ -9.408464 0.011971008 2.5502737
T:16,24,00
MJ -9.374946 -0.011971008 2.5861866
T:16,24,00
MJ -9.4156475 -0.045489833 2.5287259
T:16,24,00
MJ -9.3917055 -0.01436521 2.5742157
T:16,24,01
MJ -9.394099 -0.019153614 2.5861866
T:16,24,01
MJ -9.394099 0.023942016 2.5119665
T:16,24,01
MJ -9.430013 0.038307227 2.5335143
T:16,24,01
MJ -9.410859 -0.047884032 2.5861866
T:16,24,01
MJ -9.394099 -0.021547815 2.555062
T:16,24,01
MJ -9.444378 -0.011971008 2.6077347
T:16,24,01
MJ -9.394099 -0.033518825 2.5383027
T:16,24,01
MJ -9.341427 0.021547815 2.5742157
T:16,24,02
MJ -9.434801 0.021547815 2.590975
T:16,24,02
MJ -9.403676 -0.021547815 2.5478795
T:16,24,02
MJ -9.398888 0.009576807 2.6053405
T:16,24,02
MJ -9.425224 -0.023942016 2.5933692
T:16,24,02
MJ -9.379734 -0.011971008 2.5263317
T:16,24,02
MJ -9.374946 -0.0023942017 2.5119665
T:16,24,02
MJ -9.353398 0.01436521 2.5526679
T:16,24,03
MJ -9.413253 -0.009576807 2.5694273
T:16,24,03
MJ -9.398888 -0.016759412 2.567033
T:16,24,03
MJ -9.398888 -0.009576807 2.5694273
T:16,24,03
MJ -9.42283 -0.02873042 2.5813982
T:16,24,03
MJ -9.413253 -0.033518825 2.5933692
T:16,24,04
MJ -9.432406 -0.055066638 2.636465
T:16,24,04
MJ -9.437195 -0.023942016 2.4640825
T:16,24,04
MJ -9.427618 -0.038307227 2.6077347
T:16,24,05
MJ -9.329455 -0.06464344 2.602946
T:16,24,05
MJ -9.37734 -0.021547815 2.519149
T:16,24,05
MJ -9.384522 -0.019153614 2.5598505
T:16,24,06
MJ -9.425224 -0.02633622 2.5646389
T:16,24,06
MJ -9.413253 -0.007182605 2.5478795
T:16,24,06
MJ -9.394099 -0.02873042 2.5646389
T:16,24,07
MJ -9.394099 -0.01436521 2.5383027
T:16,24,07
MJ -9.394099 -0.059855044 2.5885808
T:16,24,07
MJ -9.3917055 -0.019153614 2.5406969
T:16,24,07
MJ -9.341427 -0.021547815 2.543091
T:16,24,08
MJ -9.389311 -0.047884032 2.4880245
T:16,24,08
MJ -9.410859 -0.038307227 2.579004
T:16,24,08
MJ -9.401282 -0.07182605 2.5957634
T:16,24,08
MJ -9.382129 -0.02633622 2.5454853
T:16,24,08
MJ -9.386917 -0.01436521 2.5718215
T:16,24,08
MJ -9.379734 -0.0047884034 2.5981576
T:16,24,09
MJ -9.401282 -0.02633622 2.53112
T:16,24,09
MJ -9.365369 -0.045489833 2.602946
T:16,24,09
MJ -9.389311 -0.04309563 2.567033
T:16,24,09
MJ -9.372552 -0.050278235 2.5574563
T:16,24,09
MJ -9.494656 -0.07182605 2.5167549
T:16,24,09
MJ -9.379734 -0.023942016 2.5526679
T:16,24,09
MJ -9.362975 -0.02873042 2.5981576
T:16,24,10
MJ -9.384522 -0.031124622 2.4904187
T:16,24,10
MJ -9.379734 -0.0023942017 2.5454853
T:16,24,10
MJ -9.45156 0.007182605 2.5526679
T:16,24,10
MJ -9.379734 0.019153614 2.5837924
T:16,24,10
MJ -9.396494 -0.01436521 2.6268883
T:16,24,10
MJ -9.430013 -0.08140286 2.5502737
T:16,24,10
MJ -9.382129 -0.007182605 2.543091
T:16,24,10
MJ -9.4395895 0.0 2.5335143
T:16,24,10
MJ -9.413253 -0.02873042 2.5047839
T:16,24,11
MJ -9.432406 -0.009576807 2.5694273
T:16,24,11
MJ -9.3917055 0.02633622 2.5837924
T:16,24,11
MJ -9.374946 -0.021547815 2.555062
T:16,24,11
MJ -9.45156 -0.023942016 2.5957634
T:16,24,11
MJ -9.396494 -0.04309563 2.5526679
T:16,24,11
MJ -9.425224 -0.038307227 2.555062
T:16,24,11
MJ -9.3917055 0.019153614 2.4688709
T:16,24,11
MJ -9.406071 -0.04070143 2.5383027
T:16,24,12
MJ -9.389311 -0.01436521 2.6077347
T:16,24,12
MJ -9.406071 -0.011971008 2.5622447
T:16,24,12
MJ -9.386917 -0.0047884034 2.5598505
T:16,24,12
MJ -9.434801 -0.011971008 2.6173115
T:16,24,12
MJ -9.346215 -0.016759412 2.612523
T:16,24,12
MJ -9.444378 -0.038307227 2.4664767
T:16,24,13
MJ -9.410859 0.023942016 2.5359085
T:16,24,13
MJ -9.420436 -0.01436521 2.5766098
T:16,24,13
MJ -9.408464 0.007182605 2.5383027
T:16,24,13
MJ -9.346215 -0.031124622 2.579004
T:16,24,13
MJ -9.432406 -0.08379706 2.590975
T:16,24,13
MJ -9.394099 0.0 2.5981576
T:16,24,13
MJ -9.37734 -0.02633622 2.5622447
T:16,24,14
MJ -9.384522 0.007182605 2.5885808
T:16,24,14
MJ -9.358187 -0.021547815 2.5694273
T:16,24,14
MJ -9.42283 0.01436521 2.5023897
T:16,24,14
MJ -9.401282 0.0047884034 2.5239375
T:16,24,15
MJ -9.42283 -0.050278235 2.5502737
T:16,24,15
MJ -9.446772 -0.023942016 2.5383027
T:16,24,15
MJ -9.365369 0.0023942017 2.5143607
T:16,24,15
MJ -9.406071 -0.05267244 2.5957634
T:16,24,15
MJ -9.372552 0.0047884034 2.5837924
T:16,24,15
MJ -9.386917 0.016759412 2.5574563
T:16,24,15
MJ -9.4156475 0.011971008 2.5598505
T:16,24,16
MJ -9.370157 0.0023942017 2.5694273
T:16,24,16
MJ -9.425224 -0.045489833 2.5981576
T:16,24,16
MJ -9.386917 0.023942016 2.5526679
T:16,24,16
MJ -9.430013 -0.038307227 2.555062
T:16,24,16
MJ -9.4156475 -0.019153614 2.5263317
T:16,24,17
MJ -9.406071 -0.01436521 2.5119665
T:16,24,17
MJ -9.394099 -0.021547815 2.4976013
T:16,24,17
MJ -9.420436 -0.0047884034 2.5837924
T:16,24,17
MJ -9.394099 -0.05267244 2.5957634
T:16,24,17
MJ -9.370157 -0.0047884034 2.5526679
T:16,24,17
MJ -9.362975 -0.047884032 2.567033
T:16,24,17
MJ -9.372552 -0.035913024 2.5813982
T:16,24,18
MJ -9.396494 -0.033518825 2.5718215
T:16,24,18
MJ -9.370157 -0.04309563 2.5957634
T:16,24,18
MJ -9.410859 0.0023942017 2.5598505
T:16,24,18
MJ -9.389311 -0.007182605 2.5502737
T:16,24,18
MJ -9.384522 -0.035913024 2.5454853
T:16,24,18
MJ -9.389311 -0.023942016 2.5598505
T:16,24,18
MJ -9.34861 -0.0047884034 2.6460419
T:16,24,19
MJ -9.432406 0.0 2.543091
T:16,24,19
MJ -9.389311 0.0023942017 2.5622447
T:16,24,19
MJ -9.420436 -0.019153614 2.5406969
T:16,24,19
MJ -9.3917055 -0.011971008 2.6747723
T:16,24,19
MJ -9.36058 0.0023942017 2.5598505
T:16,24,19
MJ -9.389311 -0.023942016 2.53112
T:16,24,19
MJ -9.418041 0.007182605 2.624494
T:16,24,19
MJ -9.379734 -0.033518825 2.567033
T:16,24,19
MJ -9.401282 -0.007182605 2.5694273
T:16,24,19
MJ -9.430013 -0.05267244 2.5239375
T:16,24,20
MJ -9.549723 -0.0047884034 2.5957634
T:16,24,20
MJ -9.3917055 -0.04070143 2.5095723
T:16,24,20
MJ -9.386917 -0.023942016 2.6268883
T:16,24,20
MJ -9.432406 -0.02633622 2.5957634
T:16,24,20
MJ -9.401282 -0.007182605 2.5718215
T:16,24,20
MJ -8.666262 1.769315 1.7649755
T:16,24,20
MJ -9.485079 -0.79487497 2.3443723
T:16,24,21
MJ -9.398888 0.2801216 2.3587375
T:16,24,21
MJ -9.394099 0.21068975 2.5933692
T:16,24,21
MJ -9.379734 -0.01436521 2.6388593
T:16,24,21
MJ -9.425224 0.02633622 2.5047839
T:16,24,21
MJ -9.432406 -0.0023942017 2.519149
T:16,24,21
MJ -9.36058 0.007182605 2.5119665
T:16,24,21
MJ -9.413253 0.02873042 2.5502737
T:16,24,21
MJ -9.42283 0.021547815 2.543091
T:16,24,21
MJ -9.444378 0.02873042 2.555062
T:16,24,22
MJ -9.394099 0.04309563 2.5478795
T:16,24,22
MJ -9.430013 0.04070143 2.4999955
T:16,24,22
MJ -9.434801 0.038307227 2.5646389
T:16,24,22
MJ -9.403676 0.011971008 2.5383027
T:16,24,22
MJ -9.398888 0.009576807 2.602946
T:16,24,22
MJ -9.418041 0.045489833 2.5742157
T:16,24,22
MJ -9.401282 0.04309563 2.6173115
T:16,24,23
MJ -9.413253 0.011971008 2.5766098
T:16,24,23
MJ -9.418041 -0.02633622 2.53112
T:16,24,23
MJ -9.403676 0.04070143 2.5287259
T:16,24,23
MJ -9.372552 0.011971008 2.5574563
T:16,24,23
MJ -9.432406 0.02633622 2.543091
T:16,24,23
MJ -9.42283 0.007182605 2.6101289
T:16,24,23
MJ -9.434801 0.05746084 2.5646389
T:16,24,23
MJ -9.389311 0.01436521 2.5574563
T:16,24,23
MJ -9.389311 0.02873042 2.5885808
T:16,24,24
MJ -9.420436 0.021547815 2.5287259
T:16,24,24
MJ -9.403676 -0.0023942017 2.5502737
T:16,24,24
MJ -9.4156475 0.045489833 2.590975
T:16,24,24
MJ -9.437195 0.019153614 2.5119665
T:16,24,24
MJ -9.37734 0.007182605 2.5598505
T:16,24,24
MJ -9.432406 0.023942016 2.5383027
T:16,24,24
MJ -9.403676 0.033518825 2.53112
T:16,24,24
MJ -9.406071 0.0047884034 2.5622447
T:16,24,24
MJ -9.420436 0.038307227 2.5335143
T:16,24,25
MJ -9.394099 0.06943185 2.5335143
T:16,24,25
MJ -9.42283 0.033518825 2.5047839
T:16,24,25
MJ -9.427618 0.050278235 2.555062
T:16,24,25
MJ -9.42283 0.038307227 2.5718215
T:16,24,25
MJ -9.401282 -0.033518825 2.579004
T:16,24,25
MJ -9.430013 0.033518825 2.5359085
T:16,24,25
MJ -9.408464 0.011971008 2.567033
T:16,24,26
MJ -9.389311 -0.02873042 2.5694273
T:16,24,26
MJ -9.379734 -0.01436521 2.5861866
T:16,24,26
MJ -9.386917 0.02873042 2.5406969
T:16,24,26
MJ -9.403676 0.033518825 2.5047839
T:16,24,26
MJ -9.37734 0.011971008 2.5406969
T:16,24,26
MJ -9.403676 0.02633622 2.5287259
T:16,24,26
MJ -9.406071 0.011971008 2.4928129
T:16,24,26
MJ -9.394099 0.0023942017 2.5047839
T:16,24,26
MJ -9.432406 0.01436521 2.5119665
T:16,24,26
MJ -9.434801 0.016759412 2.495207
T:16,24,27
MJ -9.401282 0.07182605 2.602946
T:16,24,27
MJ -9.432406 0.0047884034 2.5406969
T:16,24,27
MJ -9.418041 -0.007182605 2.543091
T:16,24,27
MJ -9.418041 0.019153614 2.5239375
T:16,24,27
MJ -9.406071 0.031124622 2.5406969
T:16,24,27
MJ -9.408464 0.02633622 2.567033
T:16,24,27
MJ -9.406071 0.047884032 2.5861866
T:16,24,28
MJ -9.461137 -0.0047884034 2.5143607
T:16,24,28
MJ -9.384522 0.009576807 2.5502737
T:16,24,28
MJ -9.365369 0.019153614 2.5718215
T:16,24,28
MJ -9.386917 0.047884032 2.53112
T:16,24,28
MJ -9.430013 0.050278235 2.5526679
T:16,24,28
MJ -9.396494 0.02873042 2.5837924
T:16,24,29
MJ -9.406071 0.01436521 2.5742157
T:16,24,29
MJ -9.379734 0.009576807 2.5694273
T:16,24,29
MJ -9.384522 -0.0047884034 2.579004
T:16,24,29
MJ -9.394099 0.04309563 2.5454853
T:16,24,29
MJ -9.374946 0.007182605 2.6101289
T:16,24,29
MJ -9.403676 0.02633622 2.5622447
T:16,24,29
MJ -9.403676 -0.023942016 2.5622447
T:16,24,29
MJ -9.434801 0.023942016 2.5119665
T:16,24,29
MJ -9.420436 0.011971008 2.5646389
T:16,24,30
MJ -9.382129 0.06464344 2.5383027
T:16,24,30
MJ -9.425224 0.031124622 2.5406969
T:16,24,30
MJ -9.4156475 0.0023942017 2.579004
T:16,24,30
MJ -9.42283 0.021547815 2.5239375
T:16,24,30
MJ -9.379734 -0.01436521 2.5622447
T:16,24,30
MJ -9.403676 0.023942016 2.5502737
T:16,24,30
MJ -9.410859 0.04070143 2.5406969
T:16,24,30
MJ -9.4156475 0.01436521 2.5861866
T:16,24,30
MJ -9.420436 0.062249243 2.4904187
T:16,24,30
MJ -9.406071 0.04309563 2.5263317
T:16,24,31
MJ -9.374946 0.0023942017 2.5622447
T:16,24,31
MJ -9.37734 -0.016759412 2.5095723
T:16,24,31
MJ -9.406071 0.0 2.5813982
T:16,24,31
MJ -9.425224 0.021547815 2.4928129
T:16,24,31
MJ -9.389311 -0.007182605 2.5383027
T:16,24,31
MJ -9.370157 0.050278235 2.5383027
T:16,24,31
MJ -9.453955 0.059855044 2.5502737
T:16,24,31
MJ -9.401282 0.01436521 2.5813982
T:16,24,32
MJ -9.4156475 -0.011971008 2.543091
T:16,24,32
MJ -9.434801 0.047884032 2.5239375
T:16,24,32
MJ -9.386917 0.02633622 2.6053405
T:16,24,32
MJ -9.444378 0.035913024 2.5383027
T:16,24,32
MJ -9.408464 0.033518825 2.5598505
T:16,24,32
MJ -9.4156475 0.011971008 2.5239375
T:16,24,32
MJ -9.4156475 0.05267244 2.5023897
T:16,24,33
MJ -9.394099 0.0023942017 2.5622447
T:16,24,33
MJ -9.396494 0.023942016 2.507178
T:16,24,33
MJ -9.408464 0.045489833 2.5837924
T:16,24,33
MJ -9.413253 0.038307227 2.5574563
T:16,24,33
MJ -9.410859 0.045489833 2.5143607
T:16,24,33
MJ -9.386917 -0.019153614 2.4976013
T:16,24,34
MJ -9.379734 0.009576807 2.5263317
T:16,24,34
MJ -9.425224 0.02633622 2.5478795
T:16,24,34
MJ -9.394099 0.016759412 2.53112
T:16,24,34
MJ -9.425224 0.02633622 2.555062
T:16,24,34
MJ -9.413253 0.021547815 2.5143607
T:16,24,34
MJ -9.384522 0.019153614 2.5526679
T:16,24,34
MJ -9.394099 0.050278235 2.567033
T:16,24,34
MJ -9.420436 -0.035913024 2.543091
T:16,24,35
MJ -9.4156475 0.011971008 2.5813982
T:16,24,35
MJ -9.410859 0.04070143 2.5502737
T:16,24,35
MJ -9.413253 0.02873042 2.5335143
T:16,24,35
MJ -9.370157 -0.021547815 2.5742157
T:16,24,35
MJ -9.401282 0.038307227 2.5502737
T:16,24,35
MJ -9.434801 0.031124622 2.4880245
T:16,24,35
MJ -9.401282 0.031124622 2.6005518
T:16,24,35
MJ -9.382129 0.038307227 2.5287259
T:16,24,35
MJ -9.394099 0.035913024 2.5742157
T:16,24,36
MJ -9.425224 0.02873042 2.5359085
T:16,24,36
MJ -9.406071 -0.0023942017 2.4904187
T:16,24,36
MJ -9.386917 0.045489833 2.519149
T:16,24,36
MJ -9.384522 0.011971008 2.6005518
T:16,24,36
MJ -9.430013 0.04070143 2.5406969
T:16,24,36
MJ -9.4156475 0.038307227 2.519149
T:16,24,36
MJ -9.418041 0.055066638 2.519149
T:16,24,36
MJ -9.384522 0.035913024 2.5335143
T:16,24,36
MJ -9.394099 0.0023942017 2.612523
T:16,24,37
MJ -9.432406 0.01436521 2.5598505
T:16,24,37
MJ -9.389311 0.01436521 2.5694273
T:16,24,37
MJ -9.408464 0.06703765 2.5646389
T:16,24,37
MJ -9.456348 -0.016759412 2.5383027
T:16,24,37
MJ -9.4395895 0.050278235 2.5981576
T:16,24,37
MJ -9.37734 0.062249243 2.602946
T:16,24,37
MJ -9.389311 -0.007182605 2.612523
T:16,24,37
MJ -9.403676 0.050278235 2.567033
T:16,24,38
MJ -9.386917 0.02633622 2.5119665
T:16,24,38
MJ -9.434801 -0.035913024 2.5263317
T:16,24,38
MJ -9.389311 0.059855044 2.6077347
T:16,24,38
MJ -9.3677635 -0.021547815 2.5598505
T:16,24,38
MJ -9.420436 0.011971008 2.5718215
T:16,24,38
MJ -9.37734 0.035913024 2.5885808
T:16,24,38
MJ -9.401282 -0.007182605 2.5454853
T:16,24,39
MJ -9.42283 -0.0047884034 2.5143607
T:16,24,39
MJ -9.418041 -0.01436521 2.5718215
T:16,24,39
MJ -9.482685 0.009576807 2.5406969
T:16,24,39
MJ -9.394099 0.110133275 2.6867433
T:16,24,39
MJ -9.398888 0.047884032 2.660407
T:16,24,39
MJ -9.458743 0.093373865 2.6220999
T:16,24,39
MJ -9.42283 0.059855044 2.4664767
T:16,24,39
MJ -9.418041 0.021547815 2.495207
T:16,24,39
MJ -9.386917 -0.01436521 2.5502737
T:16,24,39
MJ -9.370157 -0.04070143 2.6101289
T:16,24,40
MJ -9.384522 0.04309563 2.6053405
T:16,24,40
MJ -9.394099 0.07182605 2.5813982
T:16,24,40
MJ -9.4395895 -0.011971008 2.5119665
T:16,24,40
MJ -9.461137 -0.02633622 2.5359085
T:16,24,40
MJ -9.374946 0.007182605 2.5694273
T:16,24,40
MJ -9.396494 -0.01436521 2.5598505
T:16,24,40
MJ -9.3917055 -0.021547815 2.5837924
T:16,24,41
MJ -9.413253 0.06464344 2.5287259
T:16,24,41
MJ -9.425224 0.0023942017 2.5406969
T:16,24,41
MJ -9.432406 0.009576807 2.5574563
T:16,24,41
MJ -9.408464 0.035913024 2.519149
T:16,24,41
MJ -9.398888 0.011971008 2.5813982
T:16,24,41
MJ -9.430013 0.038307227 2.5502737
T:16,24,41
MJ -9.420436 0.035913024 2.5742157
T:16,24,41
MJ -9.386917 0.01436521 2.5574563
T:16,24,41
MJ -9.406071 -0.033518825 2.5239375
T:16,24,42
MJ -9.3677635 0.06464344 2.5239375
T:16,24,42
MJ -9.382129 0.007182605 2.5957634
T:16,24,42
MJ -9.3917055 0.045489833 2.5861866
T:16,24,42
MJ -9.432406 0.07182605 2.5813982
T:16,24,42
MJ -9.4156475 0.02633622 2.5861866
T:16,24,42
MJ -9.401282 0.016759412 2.4808419
T:16,24,43
MJ -9.427618 0.007182605 2.5718215
T:16,24,43
MJ -9.420436 -0.009576807 2.5694273
T:16,24,43
MJ -9.408464 -0.007182605 2.5263317
T:16,24,43
MJ -9.379734 0.050278235 2.5646389
T:16,24,43
MJ -9.406071 -0.0047884034 2.5406969
T:16,24,43
MJ -9.401282 0.011971008 2.5478795
T:16,24,43
MJ -9.386917 0.05267244 2.5646389
T:16,24,43
MJ -9.410859 0.038307227 2.495207
T:16,24,44
MJ -9.418041 0.0 2.519149
T:16,24,44
MJ -9.386917 0.009576807 2.612523
T:16,24,44
MJ -9.403676 0.0047884034 2.5574563
T:16,24,44
MJ -9.374946 0.016759412 2.5023897
T:16,24,44
MJ -9.3677635 0.055066638 2.5478795
T:16,24,44
MJ -9.410859 0.038307227 2.567033
T:16,24,44
MJ -9.3677635 0.011971008 2.53112
T:16,24,44
MJ -9.403676 0.01436521 2.6077347
T:16,24,45
MJ -9.410859 0.047884032 2.5383027
T:16,24,45
MJ -9.386917 0.007182605 2.4880245
T:16,24,45
MJ -9.362975 0.02633622 2.5478795
T:16,24,45
MJ -9.418041 0.011971008 2.5406969
T:16,24,45
MJ -9.413253 -0.035913024 2.5526679
T:16,24,45
MJ -9.434801 0.011971008 2.519149
T:16,24,45
MJ -9.396494 0.047884032 2.5095723
T:16,24,45
MJ -9.398888 0.031124622 2.5167549
T:16,24,46
MJ -9.3917055 0.011971008 2.602946
T:16,24,46
MJ -9.434801 -0.019153614 2.5406969
T:16,24,46
MJ -9.413253 0.04309563 2.519149
T:16,24,46
MJ -9.398888 -0.01436521 2.53112
T:16,24,46
MJ -9.401282 0.0023942017 2.567033
T:16,24,46
MJ -9.418041 -0.009576807 2.5478795
T:16,24,46
MJ -9.4156475 0.009576807 2.5861866
T:16,24,47
MJ -9.394099 0.02873042 2.5885808
T:16,24,47
MJ -9.4156475 0.031124622 2.5478795
T:16,24,47
MJ -9.401282 0.011971008 2.5742157
T:16,24,47
MJ -9.398888 0.033518825 2.5406969
T:16,24,47
MJ -9.3677635 -0.016759412 2.5119665
T:16,24,47
MJ -9.396494 0.009576807 2.5574563
T:16,24,47
MJ -9.3677635 -0.0047884034 2.5742157
T:16,24,47
MJ -9.413253 0.047884032 2.590975
T:16,24,47
MJ -9.389311 0.045489833 2.5167549
T:16,24,47
MJ -9.432406 0.02873042 2.5742157
T:16,24,47
MJ -9.420436 0.04309563 2.555062
T:16,24,48
MJ -9.382129 -0.01436521 2.5502737
T:16,24,48
MJ -9.398888 0.023942016 2.5478795
T:16,24,48
MJ -9.413253 0.05267244 2.5646389
T:16,24,48
MJ -9.384522 0.045489833 2.5454853
T:16,24,48
MJ -9.425224 0.038307227 2.4999955
T:16,24,48
MJ -9.413253 -0.021547815 2.5287259
T:16,24,49
MJ -9.42283 0.045489833 2.5598505
T:16,24,49
MJ -9.389311 0.045489833 2.4976013
T:16,24,49
MJ -9.420436 0.01436521 2.4976013
T:16,24,49
MJ -9.446772 0.02873042 2.6005518
T:16,24,50
MJ -9.394099 0.01436521 2.5766098
T:16,24,50
MJ -9.4156475 0.047884032 2.5478795
T:16,24,50
MJ -9.3917055 0.045489833 2.5215433
T:16,24,50
MJ -9.418041 0.0 2.5622447
T:16,24,50
MJ -9.425224 0.06464344 2.5023897
T:16,24,50
MJ -9.374946 0.021547815 2.5526679
T:16,24,50
MJ -9.449166 0.021547815 2.5478795
T:16,24,50
MJ -9.37734 0.033518825 2.5742157
T:16,24,50
MJ -9.406071 0.01436521 2.5598505
T:16,24,51
MJ -9.413253 0.019153614 2.519149
T:16,24,51
MJ -9.382129 0.02873042 2.6532245
T:16,24,51
MJ -9.418041 0.02873042 2.5622447
T:16,24,51
MJ -9.396494 0.0047884034 2.4808419
T:16,24,51
MJ -9.4156475 0.045489833 2.5933692
T:16,24,51
MJ -9.370157 0.02873042 2.5335143
T:16,24,51
MJ -9.42283 -0.009576807 2.5694273
T:16,24,51
MJ -9.449166 0.038307227 2.5622447
T:16,24,51
MJ -9.374946 0.038307227 2.4856303
T:16,24,52
MJ -9.410859 0.07182605 2.5359085
T:16,24,52
MJ -9.430013 0.011971008 2.5478795
T:16,24,52
MJ -9.386917 0.04070143 2.53112
T:16,24,52
MJ -9.406071 0.011971008 2.5406969
T:16,24,52
MJ -9.444378 0.06703765 2.5622447
T:16,24,52
MJ -9.396494 -0.02633622 2.5694273
T:16,24,52
MJ -9.432406 0.007182605 2.5694273
T:16,24,52
MJ -9.382129 0.02633622 2.579004
T:16,24,52
MJ -9.406071 0.055066638 2.5837924
T:16,24,52
MJ -9.372552 0.02633622 2.5646389
T:16,24,52
MJ -9.374946 -0.0047884034 2.5837924
T:16,24,52
MJ -9.401282 0.02873042 2.5478795
T:16,24,52
MJ -9.396494 0.033518825 2.5694273
T:16,24,52
MJ -9.398888 0.076614454 2.5359085
T:16,24,52
MJ -9.45156 0.016759412 2.5478795
T:16,24,52
MJ -9.365369 0.0 2.4760535
T:16,24,52
MJ -9.432406 -0.0047884034 2.5359085
T:16,24,52
MJ -9.394099 0.047884032 2.53112
T:16,24,52
MJ -9.403676 0.011971008 2.6173115
T:16,24,52
MJ -9.403676 0.019153614 2.53112
T:16,24,52
MJ -9.42283 0.0047884034 2.5359085
T:16,24,52
MJ -9.401282 0.01436521 2.5454853
T:16,24,52
MJ -9.413253 0.038307227 2.5406969
T:16,24,52
MJ -9.394099 0.0023942017 2.543091
T:16,24,53
MJ -9.441983 0.04309563 2.5718215
T:16,24,53
MJ -9.410859 -0.01436521 2.5119665
T:16,24,53
MJ -9.398888 0.038307227 2.555062
T:16,24,53
MJ -9.410859 0.04070143 2.5359085
T:16,24,53
MJ -9.434801 0.009576807 2.567033
T:16,24,53
MJ -9.45156 0.011971008 2.5598505
T:16,24,53
MJ -9.437195 -0.021547815 2.579004
T:16,24,53
MJ -9.398888 0.06943185 2.5335143
T:16,24,53
MJ -9.418041 0.06943185 2.5622447
T:16,24,53
MJ -9.398888 0.0023942017 2.567033
T:16,24,53
MJ -9.425224 0.0023942017 2.5119665
T:16,24,53
MJ -9.425224 -0.009576807 2.5694273
T:16,24,53
MJ -9.413253 0.02873042 2.5143607
T:16,24,53
MJ -9.384522 0.016759412 2.4976013
T:16,24,53
MJ -9.374946 0.009576807 2.579004
T:16,24,53
MJ -9.382129 0.035913024 2.5526679
T:16,24,53
MJ -9.3917055 0.011971008 2.6077347
T:16,24,53
MJ -9.389311 0.06703765 2.5981576
T:16,24,53
MJ -9.382129 0.02633622 2.5239375
T:16,24,53
MJ -9.379734 -0.0047884034 2.5454853
T:16,24,53
MJ -9.386917 0.050278235 2.5574563
T:16,24,53
MJ -9.389311 0.06703765 2.5526679
T:16,24,53
MJ -9.374946 -0.019153614 2.579004
T:16,24,53
MJ -9.398888 0.016759412 2.543091
T:16,24,53
MJ -9.374946 0.04309563 2.579004
T:16,24,53
MJ -9.398888 0.04309563 2.5478795
T:16,24,53
MJ -9.374946 0.0 2.5502737
T:16,24,53
MJ -9.425224 0.047884032 2.5454853
T:16,24,53
MJ -9.408464 0.038307227 2.519149
T:16,24,53
MJ -9.403676 0.0 2.5263317
T:16,24,53
MJ -9.403676 0.038307227 2.5622447
T:16,24,53
MJ -9.432406 0.04309563 2.5383027
T:16,24,53
MJ -9.410859 0.0023942017 2.5383027
T:16,24,54
MJ -9.401282 0.038307227 2.579004
T:16,24,54
MJ -9.394099 0.031124622 2.6292825
T:16,24,54
MJ -9.410859 0.02873042 2.5406969
T:16,24,54
MJ -9.408464 0.0 2.6220999
T:16,24,54
MJ -9.410859 0.059855044 2.567033
T:16,24,54
MJ -9.386917 0.05746084 2.5287259
T:16,24,54
MJ -9.365369 0.0047884034 2.4976013
T:16,24,54
MJ -9.42283 0.016759412 2.5359085
T:16,24,54
MJ -9.396494 -0.016759412 2.5263317
T:16,24,54
MJ -9.413253 0.01436521 2.5359085
T:16,24,54
MJ -9.406071 0.02873042 2.5239375
T:16,24,54
MJ -9.4395895 0.007182605 2.624494
T:16,24,54
MJ -9.413253 0.009576807 2.4976013
T:16,24,54
MJ -9.413253 0.019153614 2.5502737
T:16,24,54
MJ -9.394099 0.007182605 2.5766098
T:16,24,54
MJ -9.441983 0.023942016 2.5718215
T:16,24,54
MJ -9.353398 -0.047884032 2.5287259
T:16,24,54
MJ -9.410859 0.0 2.5239375
T:16,24,54
MJ -9.374946 0.04309563 2.5502737
T:16,24,54
MJ -9.401282 0.007182605 2.5478795
T:16,24,54
MJ -9.382129 0.050278235 2.5239375
T:16,24,54
MJ -9.384522 -0.0023942017 2.5406969
T:16,24,54
MJ -9.410859 0.0023942017 2.602946
T:16,24,54
MJ -9.355792 0.04309563 2.5406969
T:16,24,54
MJ -9.37734 0.02633622 2.5143607
T:16,24,54
MJ -9.3917055 0.07182605 2.5263317
T:16,24,54
MJ -9.401282 0.011971008 2.5406969
T:16,24,54
MJ -9.449166 0.019153614 2.53112
T:16,24,54
MJ -9.410859 0.047884032 2.5742157
T:16,24,54
MJ -9.410859 0.02633622 2.495207
T:16,24,55
MJ -9.389311 0.047884032 2.5047839
T:16,24,55
MJ -9.386917 -0.04070143 2.5143607
T:16,24,55
MJ -9.418041 0.023942016 2.5718215
T:16,24,55
MJ -9.398888 0.04309563 2.5861866
T:16,24,55
MJ -9.420436 -0.033518825 2.590975
T:16,24,55
MJ -9.394099 0.019153614 2.5622447
T:16,24,55
MJ -9.398888 0.04070143 2.5287259
T:16,24,55
MJ -9.418041 0.016759412 2.5454853
T:16,24,55
MJ -9.3917055 0.035913024 2.5957634
T:16,24,55
MJ -9.408464 0.02633622 2.5478795
T:16,24,55
MJ -9.3917055 0.02633622 2.5454853
T:16,24,55
MJ -9.3917055 -0.0023942017 2.5167549
T:16,24,55
MJ -9.410859 0.016759412 2.590975
T:16,24,55
MJ -9.434801 0.055066638 2.579004
T:16,24,55
MJ -9.4395895 0.021547815 2.5383027
T:16,24,55
MJ -9.384522 0.019153614 2.567033
T:16,24,55
MJ -9.396494 0.011971008 2.567033
T:16,24,55
MJ -9.408464 0.07182605 2.579004
T:16,24,55
MJ -9.396494 0.0023942017 2.5406969
T:16,24,55
MJ -9.437195 -0.0047884034 2.5766098
T:16,24,55
MJ -9.396494 0.019153614 2.5383027
T:16,24,55
MJ -9.413253 0.045489833 2.483236
T:16,24,55
MJ -9.4156475 0.033518825 2.5263317
T:16,24,55
MJ -9.406071 -0.035913024 2.4999955
T:16,24,55
MJ -9.410859 0.035913024 2.5646389
T:16,24,55
MJ -9.437195 0.021547815 2.5622447
T:16,24,55
MJ -9.396494 -0.0023942017 2.5502737
T:16,24,55
MJ -9.413253 0.023942016 2.5861866
T:16,24,55
MJ -9.389311 0.01436521 2.5933692
T:16,24,55
MJ -9.42283 0.023942016 2.53112
T:16,24,55
MJ -9.4156475 0.02633622 2.4976013
T:16,24,55
MJ -9.394099 0.035913024 2.5622447
T:16,24,55
MJ -9.434801 -0.007182605 2.5502737
T:16,24,55
MJ -9.401282 0.021547815 2.567033
T:16,24,56
MJ -9.384522 0.02873042 2.53112
T:16,24,56
MJ -9.406071 0.035913024 2.5335143
T:16,24,56
MJ -9.398888 0.016759412 2.5622447
T:16,24,56
MJ -9.408464 0.059855044 2.5239375
T:16,24,56
MJ -9.425224 0.01436521 2.5359085
T:16,24,56
MJ -9.4395895 0.019153614 2.5383027
T:16,24,56
MJ -9.408464 -0.033518825 2.5119665
T:16,24,56
MJ -9.386917 0.0023942017 2.612523
T:16,24,56
MJ -9.430013 -0.021547815 2.5813982
T:16,24,56
MJ -9.430013 0.05267244 2.5718215
T:16,24,56
MJ -9.386917 0.05746084 2.5933692
T:16,24,56
MJ -9.437195 0.05267244 2.5766098
T:16,24,56
MJ -9.396494 -0.021547815 2.567033
T:16,24,56
MJ -9.396494 0.050278235 2.5239375
T:16,24,56
MJ -9.427618 0.02633622 2.543091
T:16,24,56
MJ -9.386917 -0.011971008 2.53112
T:16,24,56
MJ -9.446772 0.055066638 2.5335143
T:16,24,56
MJ -9.370157 -0.016759412 2.5287259
T:16,24,56
MJ -9.403676 0.023942016 2.5383027
T:16,24,56
MJ -9.427618 0.021547815 2.53112
T:16,24,56
MJ -9.396494 0.016759412 2.567033
T:16,24,56
MJ -9.379734 0.019153614 2.543091
T:16,24,56
MJ -9.410859 0.01436521 2.5502737
T:16,24,56
MJ -9.370157 -0.007182605 2.543091
T:16,24,56
MJ -9.420436 0.033518825 2.5718215
T:16,24,56
MJ -9.408464 0.0047884034 2.4976013
T:16,24,56
MJ -9.430013 0.02873042 2.507178
T:16,24,56
MJ -9.401282 0.04309563 2.5861866
T:16,24,56
MJ -9.37734 0.007182605 2.5119665
T:16,24,56
MJ -9.418041 0.007182605 2.5454853
T:16,24,56
MJ -9.386917 0.019153614 2.6149173
T:16,24,56
MJ -9.372552 0.038307227 2.5454853
T:16,24,56
MJ -9.453955 0.05267244 2.5622447
T:16,24,56
MJ -9.408464 -0.0047884034 2.5239375
T:16,24,56
MJ -9.403676 -0.021547815 2.483236
T:16,24,57
MJ -9.408464 0.009576807 2.5287259
T:16,24,57
MJ -9.427618 -0.011971008 2.4999955
T:16,24,57
MJ -9.408464 0.009576807 2.5406969
T:16,24,57
MJ -9.398888 -0.019153614 2.5574563
T:16,24,57
MJ -9.398888 0.04309563 2.5694273
T:16,24,57
MJ -9.403676 0.031124622 2.53112
T:16,24,57
MJ -9.437195 0.045489833 2.5598505
T:16,24,57
MJ -9.406071 0.019153614 2.6173115
T:16,24,57
MJ -9.408464 0.01436521 2.5502737
T:16,24,57
MJ -9.384522 0.009576807 2.6149173
T:16,24,57
MJ -9.406071 0.011971008 2.5143607
T:16,24,57
MJ -9.386917 0.0047884034 2.5502737
T:16,24,57
MJ -9.384522 0.016759412 2.5239375
T:16,24,57
MJ -9.386917 -0.0023942017 2.543091
T:16,24,57
MJ -9.4156475 0.02873042 2.5143607
T:16,24,57
MJ -9.406071 0.02873042 2.5454853
T:16,24,57
MJ -9.396494 0.062249243 2.4928129
T:16,24,57
MJ -9.418041 0.011971008 2.519149
T:16,24,57
MJ -9.427618 -0.0047884034 2.5694273
T:16,24,57
MJ -9.4635315 0.031124622 2.5981576
T:16,24,57
MJ -9.379734 0.011971008 2.5454853
T:16,24,57
MJ -9.389311 0.033518825 2.579004
T:16,24,57
MJ -9.42283 0.04070143 2.5119665
T:16,24,57
MJ -9.3677635 -0.031124622 2.5885808
T:16,24,57
MJ -9.437195 0.031124622 2.543091
T:16,24,57
MJ -9.384522 0.047884032 2.6077347
T:16,24,57
MJ -9.386917 0.0023942017 2.5478795
T:16,24,57
MJ -9.379734 0.0 2.519149
T:16,24,57
MJ -9.389311 0.007182605 2.5981576
T:16,24,57
MJ -9.389311 0.016759412 2.5957634
T:16,24,58
MJ -9.398888 0.023942016 2.5861866
T:16,24,58
MJ -9.37734 0.050278235 2.4976013
T:16,24,59
MJ -9.382129 0.0 2.567033
T:16,24,59
MJ -9.403676 -0.04070143 2.5406969
T:16,24,59
MJ -9.427618 0.02873042 2.5837924
T:16,24,59
MJ -9.420436 0.02873042 2.5502737
T:16,24,59
MJ -9.42283 0.033518825 2.4880245
T:16,24,59
MJ -9.430013 0.021547815 2.4976013
T:16,24,59
MJ -9.3917055 -0.021547815 2.567033
T:16,24,59
MJ -9.386917 -0.016759412 2.6412535
T:16,24,59
MJ -9.3917055 0.0 2.5766098
T:16,24,59
MJ -9.3917055 0.019153614 2.4976013
T:16,24,59
MJ -9.396494 0.06464344 2.4784477
T:16,24,59
MJ -9.42283 0.016759412 2.5981576
T:16,24,59
MJ -9.401282 0.05746084 2.5837924
T:16,24,59
MJ -9.432406 0.01436521 2.5981576
T:16,24,59
MJ -9.418041 0.05267244 2.5119665
T:16,24,59
MJ -9.42283 -0.0023942017 2.555062
T:16,25,00
MJ -9.427618 0.023942016 2.519149
T:16,25,00
MJ -9.406071 -0.007182605 2.5718215
T:16,25,00
MJ -9.355792 0.04070143 2.5766098
T:16,25,00
MJ -9.384522 0.019153614 2.5574563
T:16,25,00
MJ -9.427618 0.016759412 2.5383027
T:16,25,00
MJ -9.4156475 0.021547815 2.5861866
T:16,25,00
MJ -9.418041 0.01436521 2.53112
T:16,25,00
MJ -9.413253 0.011971008 2.543091
T:16,25,00
MJ -9.379734 0.011971008 2.6005518
T:16,25,00
MJ -9.413253 0.062249243 2.5287259
T:16,25,00
MJ -9.401282 -0.0023942017 2.5502737
T:16,25,00
MJ -9.418041 0.019153614 2.590975
T:16,25,00
MJ -9.406071 -0.007182605 2.5574563
T:16,25,00
MJ -9.408464 0.016759412 2.5766098
T:16,25,00
MJ -9.3917055 0.05267244 2.53112
T:16,25,01
MJ -9.396494 0.007182605 2.5406969
T:16,25,01
MJ -9.446772 0.0047884034 2.5406969
T:16,25,01
MJ -9.408464 0.059855044 2.5502737
T:16,25,01
MJ -9.36058 0.05267244 2.602946
T:16,25,01
MJ -9.389311 0.0023942017 2.5574563
T:16,25,01
MJ -9.374946 -0.01436521 2.5478795
T:16,25,01
MJ -9.420436 0.019153614 2.5766098
T:16,25,01
MJ -9.382129 -0.038307227 2.5622447
T:16,25,02
MJ -9.365369 0.021547815 2.5239375
T:16,25,02
MJ -9.437195 0.062249243 2.5095723
T:16,25,02
MJ -9.427618 0.009576807 2.5359085
T:16,25,02
MJ -9.449166 0.01436521 2.53112
T:16,25,02
MJ -9.458743 0.045489833 2.5526679
T:16,25,02
MJ -9.382129 0.011971008 2.5359085
T:16,25,02
MJ -9.408464 -0.0023942017 2.5885808
T:16,25,02
MJ -9.394099 0.02873042 2.5526679
T:16,25,02
MJ -9.403676 -0.007182605 2.507178
T:16,25,02
MJ -9.449166 0.0047884034 2.4976013
T:16,25,03
MJ -9.346215 -0.023942016 2.5119665
T:16,25,03
MJ -9.4395895 0.011971008 2.579004
T:16,25,03
MJ -9.410859 0.011971008 2.5215433
T:16,25,03
MJ -9.374946 0.05746084 2.6532245
T:16,25,03
MJ -9.425224 0.009576807 2.4856303
T:16,25,03
MJ -9.4395895 0.021547815 2.5885808
T:16,25,03
MJ -9.425224 0.05746084 2.5598505
T:16,25,03
MJ -9.389311 0.023942016 2.4904187
T:16,25,03
MJ -9.420436 -0.0023942017 2.5957634
T:16,25,05
MJ -9.372552 0.05746084 2.5263317
T:16,25,06
MJ -9.420436 0.0023942017 2.5215433
T:16,25,06
MJ -9.406071 0.023942016 2.5598505
T:16,25,25
MJ -9.444378 0.007182605 2.5694273
T:16,25,25
MJ -9.418041 0.019153614 2.567033
T:16,25,26
MJ -9.401282 0.04309563 2.5478795
T:16,25,27
MJ -9.453955 0.011971008 2.5023897
T:16,25,27
MJ -9.4156475 -0.009576807 2.5646389
T:16,25,27
MJ -9.406071 0.038307227 2.5167549
T:16,25,27
MJ -9.389311 0.007182605 2.5526679
T:16,25,27
MJ -9.4395895 0.02633622 2.5047839
T:16,25,28
MJ -9.37734 -0.0023942017 2.5646389
T:16,25,28
MJ -9.430013 0.0047884034 2.53112
T:16,25,28
MJ -9.432406 0.04070143 2.5526679
T:16,25,28
MJ -9.408464 -0.016759412 2.5598505
T:16,25,29
MJ -9.355792 0.01436521 2.579004
T:16,25,29
MJ -9.4395895 0.02873042 2.5694273
T:16,25,31
MJ -9.386917 0.050278235 2.5263317
T:16,25,32
MJ -9.437195 -0.009576807 2.5622447
T:16,25,34
MJ -9.430013 -0.02873042 2.6197057
T:16,25,35
MJ -9.394099 -0.01436521 2.5861866
T:16,25,35
MJ -9.384522 -0.009576807 2.5502737
T:16,25,36
MJ -9.3917055 0.016759412 2.4976013
T:16,25,38
MJ -9.4156475 0.04309563 2.6412535
T:16,25,38
MJ -9.4395895 0.062249243 2.555062
T:16,25,38
MJ -9.401282 0.04309563 2.5023897
T:16,25,39
MJ -9.410859 0.059855044 2.495207
T:16,25,39
MJ -9.401282 0.01436521 2.5981576
T:16,25,49
MJ -9.351004 0.062249243 2.5454853
T:16,25,49
MJ -9.66225 0.019153614 2.5718215
T:16,25,49
MJ -9.324667 0.0 2.6436477
T:16,25,49
MJ -9.753229 -0.1436521 1.211915
T:16,25,49
MJ -9.4395895 0.06943185 2.5383027
T:16,25,49
MJ -9.394099 -0.6464345 2.148048
T:16,25,49
MJ 1.4683938 1.9321208 8.835053
T:16,25,49
MJ -9.413253 0.15801731 2.636465
T:16,25,49
MJ 1.7030256 2.504335 7.7217493
T:16,25,49
MJ -9.386917 0.30885202 2.6891375
T:16,25,49
MJ -9.401282 0.06464344 2.5023897
T:16,25,49
MJ -9.374946 0.0 2.5478795
T:16,25,49
MJ -0.1285387 1.8076223 8.41128
T:16,25,49
MJ -9.398888 0.031124622 2.5885808
T:16,25,49
MJ -9.403676 -0.007182605 2.5861866
T:16,25,49
MJ -9.396494 0.045489833 2.53112
T:16,25,49
MJ -9.33185 0.04070143 2.5263317
T:16,25,49
MJ 0.13242929 2.2098482 8.528595
T:16,25,49
MJ -2.280926 -0.7757214 9.210943
T:16,25,49
MJ -3.0135517 2.2840683 10.264392
T:16,25,49
MJ 0.19467853 2.348712 10.348188
T:16,25,49
MJ -0.6959645 1.496376 10.015394
T:16,25,49
MJ -2.3096564 3.8522706 8.214955
T:16,25,49
MJ -9.403676 0.059855044 2.6771665
T:16,25,49
MJ -9.48029 -0.016759412 2.4904187
T:16,25,50
MJ -2.2641666 3.0909145 9.014618
T:16,25,50
MJ -2.3503578 3.3566709 8.887726
T:16,25,50
MJ -2.553865 3.086126 8.959552
T:16,25,50
MJ -2.2593782 2.7988217 9.021801
T:16,25,50
MJ -2.0031986 3.0573955 9.201366
T:16,25,50
MJ -1.6297032 1.3192052 10.755203
T:16,25,50
MJ -1.0431237 2.030283 9.345018
T:16,25,50
MJ -9.396494 -0.016759412 2.5718215
T:16,25,50
MJ -9.413253 0.016759412 2.6173115
T:16,25,50
MJ -0.99045134 2.8802247 9.045743
T:16,25,50
MJ -9.432406 0.007182605 2.590975
T:16,25,50
MJ -9.437195 0.016759412 2.5766098
T:16,25,50
MJ -9.396494 0.023942016 2.543091
T:16,25,50
MJ -9.389311 0.04309563 2.5215433
T:16,25,50
MJ -9.458743 0.059855044 2.5813982
T:16,25,51
MJ -9.396494 0.04309563 2.5742157
T:16,25,51
MJ -11.177779 0.8858546 4.604499
T:16,25,53
MJ -9.444378 0.076614454 2.5359085
