T:16,21,49
MJ -9.413253 -0.1340753 2.5933692
T:16,21,50
MJ -9.406071 -0.15083471 2.6388593
T:16,21,50
MJ -9.434801 -0.12928689 2.6867433
T:16,21,50
MJ -9.365369 -0.15322891 2.5694273
T:16,21,50
MJ -9.382129 -0.19393034 2.660407
T:16,21,50
MJ -9.401282 -0.14844051 2.602946
T:16,21,50
MJ -9.384522 -0.15083471 2.6077347
T:16,21,50
MJ -9.396494 -0.17956513 2.6005518
T:16,21,50
MJ -9.353398 -0.18195933 2.6508303
T:16,21,50
MJ -9.3917055 -0.14844051 2.6628013
T:16,21,51
MJ -9.379734 -0.15801731 2.612523
T:16,21,51
MJ -9.384522 -0.1340753 2.6412535
T:16,21,51
MJ -9.42283 -0.11731588 2.6053405
T:16,21,51
MJ -9.36058 -0.16519992 2.5742157
T:16,21,51
MJ -9.374946 -0.1364695 2.648436
T:16,21,51
MJ -9.389311 -0.11971009 2.624494
T:16,21,51
MJ -9.4156475 -0.1412579 2.612523
T:16,21,51
MJ -9.401282 -0.11971009 2.5478795
T:16,21,51
MJ -9.398888 -0.15322891 2.624494
T:16,21,51
MJ -9.379734 -0.18195933 2.5981576
T:16,21,52
MJ -9.384522 -0.15801731 2.579004
T:16,21,52
MJ -9.384522 -0.12210429 2.6316767
T:16,21,52
MJ -9.37734 -0.11971009 2.6220999
T:16,21,52
MJ -9.382129 -0.110133275 2.5885808
T:16,21,52
MJ -9.382129 -0.11971009 2.5694273
T:16,21,52
MJ -9.355792 -0.11492168 2.612523
T:16,21,52
MJ -9.365369 -0.1364695 2.6268883
T:16,21,52
MJ -9.449166 -0.12689269 2.5694273
T:16,21,52
MJ -9.384522 -0.06943185 2.6580129
T:16,21,53
MJ -9.394099 -0.11731588 2.6268883
T:16,21,53
MJ -9.3677635 -0.15562311 2.6436477
T:16,21,53
MJ -9.382129 -0.12928689 2.648436
T:16,21,53
MJ -9.396494 -0.1364695 2.6675897
T:16,21,53
MJ -9.374946 -0.1436521 2.612523
T:16,21,53
MJ -9.384522 -0.17238252 2.6173115
T:16,21,53
MJ -9.396494 -0.1388637 2.636465
T:16,21,54
MJ -9.379734 -0.1604115 2.6628013
T:16,21,54
MJ -9.389311 -0.15801731 2.5861866
T:16,21,54
MJ -9.394099 -0.11252748 2.6197057
T:16,21,54
MJ -9.37734 -0.1412579 2.6508303
T:16,21,54
MJ -9.372552 -0.14844051 2.6508303
T:16,21,54
MJ -9.370157 -0.16280572 2.6675897
T:16,21,54
MJ -9.346215 -0.1604115 2.612523
T:16,21,54
MJ -9.406071 -0.09816227 2.6316767
T:16,21,54
MJ -9.351004 -0.16519992 2.6436477
T:16,21,54
MJ -9.3917055 -0.1604115 2.6460419
T:16,21,54
MJ -9.343821 -0.12210429 2.6053405
T:16,21,55
MJ -9.3917055 -0.12210429 2.6149173
T:16,21,55
MJ -9.374946 -0.1340753 2.6149173
T:16,21,55
MJ -9.3917055 -0.16280572 2.6628013
T:16,21,55
MJ -9.37734 -0.1364695 2.648436
T:16,21,55
MJ -9.403676 -0.15083471 2.6412535
T:16,21,55
MJ -9.37734 -0.12928689 2.6388593
T:16,21,55
MJ -9.406071 -0.11971009 2.6292825
T:16,21,55
MJ -9.3917055 -0.17477672 2.6580129
T:16,21,56
MJ -9.384522 -0.17717093 2.6436477
T:16,21,56
MJ -9.36058 -0.1364695 2.6292825
T:16,21,56
MJ -9.401282 -0.11492168 2.5933692
T:16,21,56
MJ -9.401282 -0.11731588 2.5981576
T:16,21,56
MJ -9.37734 -0.15801731 2.6197057
T:16,21,56
MJ -9.3917055 -0.15322891 2.6316767
T:16,21,56
MJ -9.351004 -0.17477672 2.6220999
T:16,21,56
MJ -9.372552 -0.18195933 2.612523
T:16,21,56
MJ -9.379734 -0.1436521 2.5359085
T:16,21,57
MJ -9.3677635 -0.15322891 2.6508303
T:16,21,57
MJ -9.401282 -0.15562311 2.5957634
T:16,21,57
MJ -9.398888 -0.1388637 2.5837924
T:16,21,57
MJ -9.362975 -0.1340753 2.5933692
T:16,21,57
MJ -9.382129 -0.16280572 2.602946
T:16,21,57
MJ -9.394099 -0.14844051 2.6197057
T:16,21,57
MJ -9.365369 -0.1412579 2.6197057
T:16,21,57
MJ -9.379734 -0.19632454 2.6268883
T:16,21,57
MJ -9.372552 -0.14844051 2.5646389
T:16,21,58
MJ -9.374946 -0.17238252 2.6508303
T:16,21,58
MJ -9.384522 -0.15083471 2.7226563
T:16,21,58
MJ -9.372552 -0.090979666 2.590975
T:16,21,58
MJ -9.31509 -0.110133275 2.7058969
T:16,21,58
MJ -9.355792 -0.16280572 2.7250504
T:16,21,58
MJ -9.358187 -0.1436521 2.7106853
T:16,21,58
MJ -9.362975 -0.093373865 2.5885808
T:16,21,58
MJ -9.394099 -0.15083471 2.5837924
T:16,21,58
MJ -9.386917 -0.21068975 2.6460419
T:16,21,58
MJ -9.389311 -0.059855044 2.5813982
T:16,21,59
MJ -9.401282 -0.10534488 2.590975
T:16,21,59
MJ -9.394099 -0.14604631 2.5598505
T:16,21,59
MJ -9.37734 -0.18914193 2.6436477
T:16,21,59
MJ -9.386917 -0.1436521 2.6939259
T:16,21,59
MJ -9.408464 -0.12210429 2.6292825
T:16,21,59
MJ -9.394099 -0.12449849 2.5837924
T:16,21,59
MJ -9.408464 -0.16280572 2.636465
T:16,21,59
MJ -9.434801 -0.08619126 2.6077347
T:16,21,59
MJ -9.370157 -0.14604631 2.5981576
T:16,21,59
MJ -9.394099 -0.1340753 2.6053405
T:16,22,00
MJ -9.403676 -0.14844051 2.5813982
T:16,22,00
MJ -9.406071 -0.11252748 2.6053405
T:16,22,00
MJ -9.370157 -0.1364695 2.6460419
T:16,22,00
MJ -9.494656 -0.20829555 2.6173115
T:16,22,00
MJ -9.382129 -0.16759412 2.648436
T:16,22,00
MJ -9.355792 -0.1316811 2.648436
T:16,22,01
MJ -9.408464 -0.11252748 2.602946
T:16,22,01
MJ -9.386917 -0.1340753 2.5742157
T:16,22,01
MJ -9.403676 -0.12928689 2.6316767
T:16,22,01
MJ -9.351004 -0.17477672 2.579004
T:16,22,01
MJ -9.398888 -0.1316811 2.5861866
T:16,22,01
MJ -9.396494 -0.15801731 2.590975
T:16,22,01
MJ -9.36058 -0.12449849 2.636465
T:16,22,01
MJ -9.394099 -0.16759412 2.6316767
T:16,22,01
MJ -9.351004 -0.12689269 2.5694273
T:16,22,01
MJ -9.408464 -0.1388637 2.5981576
T:16,22,02
MJ -9.389311 -0.11971009 2.6053405
T:16,22,02
MJ -9.4156475 -0.14844051 2.5742157
T:16,22,02
MJ -9.322273 -0.14844051 2.660407
T:16,22,02
MJ -9.3677635 -0.1388637 2.6340709
T:16,22,02
MJ -9.446772 -0.15562311 2.590975
T:16,22,02
MJ -9.351004 -0.1316811 2.5742157
T:16,22,03
MJ -9.370157 -0.1340753 2.6197057
T:16,22,03
MJ -9.365369 -0.14604631 2.6053405
T:16,22,03
MJ -9.382129 -0.1604115 2.5598505
T:16,22,03
MJ -9.408464 -0.20350714 2.6005518
T:16,22,03
MJ -9.401282 -0.1436521 2.543091
T:16,22,03
MJ -9.372552 -0.15801731 2.612523
T:16,22,04
MJ -9.343821 -0.12928689 2.6460419
T:16,22,04
MJ -9.382129 -0.1316811 2.6508303
T:16,22,04
MJ -9.389311 -0.19871874 2.5622447
T:16,22,05
MJ -9.413253 -0.1412579 2.6388593
T:16,22,05
MJ -9.372552 -0.19871874 2.6819549
T:16,22,05
MJ -9.339032 -0.15801731 2.6220999
T:16,22,05
MJ -9.365369 -0.16280572 2.6747723
T:16,22,05
MJ -9.370157 -0.15562311 2.6077347
T:16,22,05
MJ -9.410859 -0.14604631 2.6675897
T:16,22,06
MJ -9.34861 -0.1316811 2.6292825
T:16,22,06
MJ -9.343821 -0.1436521 2.6436477
T:16,22,06
MJ -9.4395895 -0.11252748 2.624494
T:16,22,06
MJ -9.370157 -0.1340753 2.5861866
T:16,22,06
MJ -9.396494 -0.1604115 2.6580129
T:16,22,07
MJ -9.396494 -0.12928689 2.648436
T:16,22,07
MJ -9.386917 -0.16280572 2.5933692
T:16,22,08
MJ -9.36058 -0.1388637 2.6388593
T:16,22,08
MJ -9.389311 -0.11731588 2.6532245
T:16,22,09
MJ -9.432406 -0.110133275 2.660407
T:16,22,09
MJ -9.406071 -0.1436521 2.5239375
T:16,22,09
MJ -9.379734 -0.17477672 2.590975
T:16,22,10
MJ -9.382129 -0.11492168 2.6340709
T:16,22,10
MJ -9.362975 -0.19153613 2.624494
T:16,22,10
MJ -9.365369 -0.12689269 2.6005518
T:16,22,10
MJ -9.398888 -0.1388637 2.624494
T:16,22,10
MJ -9.403676 -0.1436521 2.6771665
T:16,22,10
MJ -9.3917055 -0.14604631 2.6292825
T:16,22,10
MJ -9.353398 -0.14604631 2.6580129
T:16,22,10
MJ -9.403676 -0.1388637 2.5837924
T:16,22,10
MJ -9.382129 -0.15562311 2.5981576
T:16,22,10
MJ -9.394099 -0.10295067 2.6197057
T:16,22,11
MJ -9.346215 -0.107739076 2.602946
T:16,22,11
MJ -9.389311 -0.14604631 2.5933692
T:16,22,11
MJ -9.406071 -0.1364695 2.6532245
T:16,22,11
MJ -9.379734 -0.18435353 2.6556187
T:16,22,12
MJ -9.398888 -0.14604631 2.5957634
T:16,22,12
MJ -9.379734 -0.1364695 2.6005518
T:16,22,12
MJ -9.406071 -0.14844051 2.6101289
T:16,22,12
MJ -9.343821 -0.11971009 2.6556187
T:16,22,12
MJ -9.386917 -0.18914193 2.6580129
T:16,22,12
MJ -9.34861 -0.17238252 2.5957634
T:16,22,12
MJ -9.327062 -0.1316811 2.6268883
T:16,22,12
MJ -9.437195 -0.15083471 2.636465
T:16,22,12
MJ -9.453955 -0.1340753 2.6412535
T:16,22,13
MJ -9.413253 -0.1364695 2.5694273
T:16,22,13
MJ -9.384522 -0.15801731 2.6556187
T:16,22,13
MJ -9.384522 -0.10295067 2.6197057
T:16,22,13
MJ -9.343821 -0.1340753 2.6819549
T:16,22,13
MJ -9.37734 -0.1340753 2.579004
T:16,22,13
MJ -9.379734 -0.16519992 2.5766098
T:16,22,13
MJ -9.396494 -0.1388637 2.5981576
T:16,22,13
MJ -9.339032 -0.18195933 2.6580129
T:16,22,14
MJ -9.351004 -0.1340753 2.6077347
T:16,22,14
MJ -9.406071 -0.10534488 2.5981576
T:16,22,14
MJ -9.3677635 -0.12689269 2.6460419
T:16,22,14
MJ -9.3917055 -0.12689269 2.6340709
T:16,22,14
MJ -9.379734 -0.1436521 2.6268883
T:16,22,14
MJ -9.358187 -0.12928689 2.6412535
T:16,22,14
MJ -9.408464 -0.093373865 2.6316767
T:16,22,14
MJ -9.372552 -0.1412579 2.6077347
T:16,22,14
MJ -9.389311 -0.1364695 2.5478795
T:16,22,14
MJ -9.379734 -0.12449849 2.672378
T:16,22,15
MJ -9.3917055 -0.17477672 2.6173115
T:16,22,15
MJ -9.398888 -0.1436521 2.6675897
T:16,22,15
MJ -9.379734 -0.1340753 2.6292825
T:16,22,15
MJ -9.379734 -0.19871874 2.6316767
T:16,22,15
MJ -9.3677635 -0.15322891 2.648436
T:16,22,15
MJ -9.384522 -0.14604631 2.648436
T:16,22,16
MJ -9.382129 -0.1340753 2.6460419
T:16,22,16
MJ -9.427618 -0.11492168 2.5406969
T:16,22,16
MJ -9.353398 -0.15801731 2.6005518
T:16,22,16
MJ -9.353398 -0.11971009 2.5861866
T:16,22,16
MJ -9.401282 -0.14844051 2.6532245
T:16,22,16
MJ -9.362975 -0.14844051 2.6460419
T:16,22,16
MJ -9.420436 -0.15562311 2.590975
T:16,22,16
MJ -9.406071 -0.1388637 2.6053405
T:16,22,16
MJ -9.384522 -0.15322891 2.6220999
T:16,22,16
MJ -9.394099 -0.15322891 2.6005518
T:16,22,17
MJ -9.382129 -0.18674773 2.6316767
T:16,22,17
MJ -9.398888 -0.1364695 2.6005518
T:16,22,17
MJ -9.34861 -0.17717093 2.5933692
T:16,22,17
MJ -9.336638 -0.15083471 2.660407
T:16,22,17
MJ -9.355792 -0.12449849 2.672378
T:16,22,17
MJ -9.413253 -0.14844051 2.6340709
T:16,22,17
MJ -9.3677635 -0.18674773 2.6197057
T:16,22,17
MJ -9.401282 -0.15562311 2.6268883
T:16,22,17
MJ -9.372552 -0.1340753 2.6101289
T:16,22,18
MJ -9.384522 -0.1436521 2.6101289
T:16,22,18
MJ -9.3677635 -0.14604631 2.5981576
T:16,22,18
MJ -9.42283 -0.1412579 2.5861866
T:16,22,18
MJ -9.37734 -0.17238252 2.660407
T:16,22,18
MJ -9.3917055 -0.17717093 2.6388593
T:16,22,18
MJ -9.384522 -0.14844051 2.5861866
T:16,22,18
MJ -9.365369 -0.15801731 2.612523
T:16,22,18
MJ -9.394099 -0.15322891 2.6101289
T:16,22,18
MJ -9.386917 -0.110133275 2.672378
T:16,22,18
MJ -9.374946 -0.14844051 2.636465
T:16,22,18
MJ -9.3917055 -0.1436521 2.624494
T:16,22,19
MJ -9.3677635 -0.11492168 2.6149173
T:16,22,19
MJ -9.355792 -0.11971009 2.5933692
T:16,22,19
MJ -9.406071 -0.1604115 2.6532245
T:16,22,19
MJ -9.365369 -0.12928689 2.5742157
T:16,22,19
MJ -9.33185 -0.12449849 2.5957634
T:16,22,19
MJ -9.394099 -0.14844051 2.6149173
T:16,22,19
MJ -9.365369 -0.15801731 2.5837924
T:16,22,20
MJ -9.370157 -0.11971009 2.6316767
T:16,22,20
MJ -9.353398 -0.12689269 2.6268883
T:16,22,20
MJ -9.389311 -0.15083471 2.624494
T:16,22,20
MJ -9.3917055 -0.15322891 2.5718215
T:16,22,20
MJ -9.3677635 -0.110133275 2.602946
T:16,22,20
MJ -9.37734 -0.14844051 2.6101289
T:16,22,20
MJ -9.3677635 -0.10055647 2.6077347
T:16,22,20
MJ -9.34861 -0.18914193 2.6580129
T:16,22,20
MJ -9.37734 -0.12210429 2.6388593
T:16,22,21
MJ -9.413253 -0.11731588 2.6268883
T:16,22,21
MJ -9.4395895 -0.1604115 2.636465
T:16,22,21
MJ -9.336638 -0.1604115 2.612523
T:16,22,21
MJ -9.36058 -0.10534488 2.6149173
T:16,22,21
MJ -9.34861 -0.10534488 2.6388593
T:16,22,21
MJ -9.406071 -0.16280572 2.6053405
T:16,22,21
MJ -9.379734 -0.1388637 2.6173115
T:16,22,21
MJ -9.365369 -0.1436521 2.648436
T:16,22,21
MJ -9.396494 -0.12928689 2.6053405
T:16,22,21
MJ -9.37734 -0.12210429 2.5981576
T:16,22,22
MJ -9.403676 -0.15322891 2.6316767
T:16,22,22
MJ -9.394099 -0.17717093 2.5957634
T:16,22,22
MJ -9.398888 -0.15562311 2.6939259
T:16,22,22
MJ -9.413253 -0.16759412 2.6316767
T:16,22,22
MJ -9.343821 -0.12928689 2.5981576
T:16,22,22
MJ -9.341427 -0.1412579 2.5861866
T:16,22,22
MJ -9.384522 -0.1412579 2.5885808
T:16,22,22
MJ -9.384522 -0.10534488 2.612523
T:16,22,22
MJ -9.386917 -0.09816227 2.6388593
T:16,22,22
MJ -9.398888 -0.15083471 2.5813982
T:16,22,23
MJ -9.37734 -0.1604115 2.6699839
T:16,22,23
MJ -9.382129 -0.1364695 2.624494
T:16,22,23
MJ -9.362975 -0.12928689 2.6316767
T:16,22,23
MJ -9.374946 -0.12928689 2.6436477
T:16,22,23
MJ -9.379734 -0.1340753 2.5861866
T:16,22,23
MJ -9.396494 -0.10534488 2.5742157
T:16,22,23
MJ -9.362975 -0.16519992 2.6005518
T:16,22,23
MJ -9.370157 -0.11731588 2.6053405
T:16,22,23
MJ -9.4156475 -0.16998832 2.624494
T:16,22,24
MJ -9.3677635 -0.15083471 2.6268883
T:16,22,24
MJ -9.346215 -0.15322891 2.6436477
T:16,22,24
MJ -9.34861 -0.15083471 2.6292825
T:16,22,24
MJ -9.398888 -0.12928689 2.602946
T:16,22,24
MJ -9.406071 -0.18435353 2.648436
T:16,22,24
MJ -9.3917055 -0.12210429 2.6197057
T:16,22,24
MJ -9.413253 -0.16759412 2.7106853
T:16,22,24
MJ -9.36058 -0.16280572 2.6436477
T:16,22,24
MJ -9.379734 -0.16759412 2.5861866
T:16,22,24
MJ -9.362975 -0.14844051 2.6220999
T:16,22,25
MJ -9.398888 -0.11971009 2.6699839
T:16,22,25
MJ -9.384522 -0.12928689 2.6220999
T:16,22,25
MJ -9.353398 -0.1604115 2.6220999
T:16,22,25
MJ -9.334244 -0.18195933 2.5957634
T:16,22,25
MJ -9.3677635 -0.12210429 2.6220999
T:16,22,25
MJ -9.403676 -0.11731588 2.6340709
T:16,22,25
MJ -9.384522 -0.1340753 2.6532245
T:16,22,25
MJ -9.374946 -0.1316811 2.6532245
T:16,22,25
MJ -9.372552 -0.1364695 2.6388593
T:16,22,25
MJ -9.372552 -0.15322891 2.6173115
T:16,22,25
MJ -9.37734 -0.15801731 2.6149173
T:16,22,25
MJ -9.401282 -0.1436521 2.6173115
T:16,22,25
MJ -9.398888 -0.16998832 2.6268883
T:16,22,25
MJ -9.355792 -0.15083471 2.579004
T:16,22,25
MJ -9.372552 -0.16759412 2.6149173
T:16,22,25
MJ -9.374946 -0.15083471 2.6173115
T:16,22,25
MJ -9.386917 -0.1412579 2.6388593
T:16,22,25
MJ -9.379734 -0.11971009 2.6340709
T:16,22,25
MJ -9.398888 -0.11731588 2.6340709
T:16,22,26
MJ -9.382129 -0.12210429 2.6197057
T:16,22,26
MJ -9.379734 -0.11731588 2.6077347
T:16,22,26
MJ -9.37734 -0.12210429 2.6220999
T:16,22,26
MJ -9.382129 -0.11492168 2.5885808
T:16,22,26
MJ -9.403676 -0.1412579 2.6867433
T:16,22,26
MJ -9.401282 -0.1436521 2.6532245
T:16,22,26
MJ -9.355792 -0.1412579 2.624494
T:16,22,26
MJ -9.384522 -0.11252748 2.6292825
T:16,22,26
MJ -9.384522 -0.16998832 2.6316767
T:16,22,26
MJ -9.386917 -0.14844051 2.6197057
T:16,22,26
MJ -9.3677635 -0.11731588 2.5933692
T:16,22,26
MJ -9.355792 -0.16998832 2.6101289
T:16,22,26
MJ -9.355792 -0.19393034 2.6340709
T:16,22,26
MJ -9.403676 -0.15801731 2.6316767
T:16,22,26
MJ -9.3917055 -0.1388637 2.6508303
T:16,22,26
MJ -9.372552 -0.1388637 2.6436477
T:16,22,26
MJ -9.3677635 -0.14844051 2.5837924
T:16,22,26
MJ -9.403676 -0.1388637 2.6173115
T:16,22,26
MJ -9.406071 -0.1316811 2.6053405
T:16,22,26
MJ -9.427618 -0.16519992 2.5981576
T:16,22,26
MJ -9.37734 -0.16280572 2.6699839
T:16,22,26
MJ -9.37734 -0.17477672 2.6101289
T:16,22,26
MJ -9.355792 -0.12928689 2.5837924
T:16,22,26
MJ -9.362975 -0.11731588 2.6436477
T:16,22,26
MJ -9.386917 -0.18914193 2.6053405
T:16,22,26
MJ -9.4635315 -0.16280572 2.6891375
T:16,22,26
MJ -9.339032 -0.1316811 2.624494
T:16,22,26
MJ -9.403676 -0.18195933 2.624494
T:16,22,26
MJ -9.396494 -0.12689269 2.5861866
T:16,22,26
MJ -9.351004 -0.10534488 2.602946
T:16,22,26
MJ -9.3677635 -0.15083471 2.5766098
T:16,22,26
MJ -9.379734 -0.14604631 2.5622447
T:16,22,27
MJ -9.34861 -0.16519992 2.6220999
T:16,22,27
MJ -9.3677635 -0.11731588 2.6149173
T:16,22,27
MJ -9.384522 -0.1412579 2.6580129
T:16,22,27
MJ -9.386917 -0.14604631 2.5885808
T:16,22,27
MJ -9.36058 -0.1340753 2.612523
T:16,22,27
MJ -9.346215 -0.1316811 2.6077347
T:16,22,27
MJ -9.365369 -0.1388637 2.6053405
T:16,22,27
MJ -9.3677635 -0.17477672 2.6197057
T:16,22,27
MJ -9.398888 -0.14844051 2.6340709
T:16,22,27
MJ -9.389311 -0.1412579 2.6651955
T:16,22,27
MJ -9.394099 -0.18435353 2.5622447
T:16,22,27
MJ -9.4156475 -0.11492168 2.6316767
T:16,22,27
MJ -9.437195 -0.12210429 2.6077347
T:16,22,27
MJ -9.386917 -0.1364695 2.6077347
T:16,22,27
MJ -9.353398 -0.14604631 2.6388593
T:16,22,27
MJ -9.394099 -0.18674773 2.602946
T:16,22,27
MJ -9.370157 -0.14844051 2.612523
T:16,22,27
MJ -9.37734 -0.1316811 2.6005518
T:16,22,27
MJ -9.403676 -0.11971009 2.590975
T:16,22,27
MJ -9.329455 -0.15562311 2.5885808
T:16,22,27
MJ -9.374946 -0.17238252 2.6149173
T:16,22,27
MJ -9.386917 -0.18195933 2.53112
T:16,22,27
MJ -9.379734 -0.1388637 2.6005518
T:16,22,27
MJ -9.408464 -0.17956513 2.5861866
T:16,22,27
MJ -9.37734 -0.12928689 2.6053405
T:16,22,27
MJ -9.36058 -0.15562311 2.6867433
T:16,22,27
MJ -9.410859 -0.17717093 2.6915317
T:16,22,27
MJ -9.386917 -0.18914193 2.6460419
T:16,22,27
MJ -9.3677635 -0.110133275 2.648436
T:16,22,27
MJ -9.351004 -0.12449849 2.624494
T:16,22,27
MJ -9.408464 -0.1436521 2.5574563
T:16,22,27
MJ -9.386917 -0.1604115 2.6436477
T:16,22,27
MJ -9.37734 -0.1340753 2.6292825
T:16,22,27
MJ -9.365369 -0.15801731 2.6532245
T:16,22,27
MJ -9.382129 -0.16519992 2.684349
T:16,22,28
MJ -9.336638 -0.16280572 2.6197057
T:16,22,28
MJ -9.370157 -0.16998832 2.5694273
T:16,22,28
MJ -9.420436 -0.11492168 2.5694273
T:16,22,28
MJ -9.370157 -0.11731588 2.6412535
T:16,22,28
MJ -9.362975 -0.1388637 2.612523
T:16,22,28
MJ -9.382129 -0.1436521 2.6532245
T:16,22,28
MJ -9.353398 -0.1364695 2.6699839
T:16,22,28
MJ -9.386917 -0.16759412 2.590975
T:16,22,28
MJ -9.3677635 -0.15562311 2.6220999
T:16,22,28
MJ -9.343821 -0.14844051 2.6436477
T:16,22,28
MJ -9.351004 -0.1364695 2.6149173
T:16,22,28
MJ -9.382129 -0.12928689 2.6556187
T:16,22,28
MJ -9.434801 -0.12449849 2.612523
T:16,22,28
MJ -9.42283 -0.12449849 2.6149173
T:16,22,28
MJ -9.353398 -0.1364695 2.5526679
T:16,22,28
MJ -9.4156475 -0.15801731 2.5933692
T:16,22,28
MJ -9.370157 -0.11252748 2.624494
T:16,22,28
MJ -9.3917055 -0.15562311 2.5957634
T:16,22,28
MJ -9.386917 -0.15562311 2.5742157
T:16,22,28
MJ -9.379734 -0.1340753 2.624494
T:16,22,28
MJ -9.372552 -0.18195933 2.6436477
T:16,22,28
MJ -9.353398 -0.1364695 2.6268883
T:16,22,28
MJ -9.430013 -0.1316811 2.6412535
T:16,22,28
MJ -9.4395895 -0.10295067 2.6053405
T:16,22,28
MJ -9.386917 -0.16519992 2.6915317
T:16,22,28
MJ -9.410859 -0.1364695 2.6388593
T:16,22,28
MJ -9.351004 -0.1316811 2.6628013
T:16,22,28
MJ -9.384522 -0.1340753 2.5766098
T:16,22,28
MJ -9.410859 -0.16280572 2.6651955
T:16,22,28
MJ -9.413253 -0.11252748 2.6173115
T:16,22,28
MJ -9.362975 -0.15083471 2.6699839
T:16,22,28
MJ -9.384522 -0.1340753 2.6268883
T:16,22,28
MJ -9.382129 -0.14844051 2.6292825
T:16,22,29
MJ -9.355792 -0.15562311 2.6197057
T:16,22,29
MJ -9.372552 -0.1436521 2.5646389
T:16,22,29
MJ -9.36058 -0.12928689 2.579004
T:16,22,29
MJ -9.358187 -0.12928689 2.5837924
T:16,22,29
MJ -9.384522 -0.12449849 2.6340709
T:16,22,29
MJ -9.351004 -0.1340753 2.579004
T:16,22,29
MJ -9.37734 -0.09816227 2.6149173
T:16,22,29
MJ -9.37734 -0.1388637 2.567033
T:16,22,29
MJ -9.346215 -0.1340753 2.5813982
T:16,22,29
MJ -9.384522 -0.12928689 2.6508303
T:16,22,29
MJ -9.4156475 -0.1316811 2.6699839
T:16,22,29
MJ -9.3917055 -0.12449849 2.6508303
T:16,22,29
MJ -9.379734 -0.16759412 2.5957634
T:16,22,29
MJ -9.33185 -0.15083471 2.6508303
T:16,22,29
MJ -9.372552 -0.15322891 2.6795607
T:16,22,29
MJ -9.408464 -0.110133275 2.5766098
T:16,22,29
MJ -9.365369 -0.1388637 2.6699839
T:16,22,29
MJ -9.365369 -0.16280572 2.6077347
T:16,22,29
MJ -9.398888 -0.1436521 2.6005518
T:16,22,29
MJ -9.353398 -0.15083471 2.6053405
T:16,22,29
MJ -9.413253 -0.1388637 2.648436
T:16,22,29
MJ -9.382129 -0.1340753 2.624494
T:16,22,29
MJ -9.3917055 -0.08619126 2.6053405
T:16,22,29
MJ -9.37734 -0.16280572 2.636465
T:16,22,29
MJ -9.3917055 -0.1364695 2.6077347
T:16,22,29
MJ -9.403676 -0.1340753 2.602946
T:16,22,29
MJ -9.408464 -0.16998832 2.6412535
T:16,22,29
MJ -9.37734 -0.090979666 2.5766098
T:16,22,29
MJ -9.355792 -0.14604631 2.5981576
T:16,22,29
MJ -9.365369 -0.1436521 2.624494
T:16,22,29
MJ -9.398888 -0.12449849 2.5813982
T:16,22,29
MJ -9.389311 -0.1436521 2.6699839
T:16,22,30
MJ -9.3677635 -0.15083471 2.6436477
T:16,22,30
MJ -9.389311 -0.15801731 2.5981576
T:16,22,30
MJ -9.379734 -0.20590134 2.6412535
T:16,22,30
MJ -9.408464 -0.10055647 2.6340709
T:16,22,30
MJ -9.441983 -0.16519992 2.6532245
T:16,22,30
MJ -9.362975 -0.17238252 2.7154737
T:16,22,30
MJ -9.351004 -0.12449849 2.6388593
T:16,22,30
MJ -9.382129 -0.12928689 2.6268883
T:16,22,30
MJ -9.37734 -0.1604115 2.6268883
T:16,22,30
MJ -9.410859 -0.107739076 2.5861866
T:16,22,30
MJ -9.355792 -0.11971009 2.6436477
T:16,22,30
MJ -9.401282 -0.14844051 2.612523
T:16,22,30
MJ -9.365369 -0.15801731 2.6340709
T:16,22,30
MJ -9.394099 -0.10534488 2.5861866
T:16,22,30
MJ -9.37734 -0.095768064 2.5981576
T:16,22,30
MJ -9.351004 -0.1436521 2.6316767
T:16,22,30
MJ -9.372552 -0.17238252 2.636465
T:16,22,30
MJ -9.362975 -0.1316811 2.6508303
T:16,22,30
MJ -9.425224 -0.12928689 2.6532245
T:16,22,30
MJ -9.370157 -0.12928689 2.590975
T:16,22,30
MJ -9.406071 -0.12689269 2.590975
T:16,22,30
MJ -9.372552 -0.14844051 2.612523
T:16,22,30
MJ -9.382129 -0.17477672 2.6077347
T:16,22,30
MJ -9.418041 -0.18195933 2.6316767
T:16,22,30
MJ -9.394099 -0.19871874 2.636465
T:16,22,30
MJ -9.413253 -0.1340753 2.6460419
T:16,22,30
MJ -9.384522 -0.1364695 2.6173115
T:16,22,30
MJ -9.36058 -0.08619126 2.5957634
T:16,22,30
MJ -9.3917055 -0.15801731 2.6268883
T:16,22,30
MJ -9.384522 -0.15801731 2.5742157
T:16,22,30
MJ -9.3917055 -0.1340753 2.6053405
T:16,22,31
MJ -9.3677635 -0.1436521 2.602946
T:16,22,31
MJ -9.343821 -0.15322891 2.6867433
T:16,22,31
MJ -9.370157 -0.12689269 2.5813982
T:16,22,31
MJ -9.351004 -0.12449849 2.6532245
T:16,22,31
MJ -9.382129 -0.1364695 2.6388593
T:16,22,31
MJ -9.406071 -0.1412579 2.6412535
T:16,22,31
MJ -9.379734 -0.15083471 2.6747723
T:16,22,31
MJ -9.379734 -0.1412579 2.612523
T:16,22,31
MJ -9.389311 -0.11492168 2.624494
T:16,22,31
MJ -9.372552 -0.11971009 2.612523
T:16,22,31
MJ -9.427618 -0.1604115 2.590975
T:16,22,31
MJ -9.365369 -0.17717093 2.6819549
T:16,22,31
MJ -9.341427 -0.11731588 2.6747723
T:16,22,31
MJ -9.3677635 -0.1412579 2.6556187
T:16,22,31
MJ -9.351004 -0.1340753 2.6412535
T:16,22,31
MJ -9.394099 -0.11971009 2.6149173
T:16,22,31
MJ -9.379734 -0.15801731 2.6412535
T:16,22,31
MJ -9.410859 -0.1316811 2.6436477
T:16,22,31
MJ -9.406071 -0.15083471 2.6077347
T:16,22,31
MJ -9.362975 -0.15801731 2.7058969
T:16,22,31
MJ -9.341427 -0.1412579 2.5766098
T:16,22,31
MJ -9.394099 -0.11731588 2.6149173
T:16,22,31
MJ -9.406071 -0.1412579 2.6220999
T:16,22,31
MJ -9.372552 -0.16280572 2.602946
T:16,22,31
MJ -9.386917 -0.16759412 2.6651955
T:16,22,31
MJ -9.408464 -0.17717093 2.5622447
T:16,22,31
MJ -9.3917055 -0.14844051 2.6699839
T:16,22,31
MJ -9.384522 -0.1436521 2.5837924
T:16,22,31
MJ -9.382129 -0.1316811 2.6149173
T:16,22,31
MJ -9.398888 -0.17477672 2.6077347
T:16,22,31
MJ -9.394099 -0.1436521 2.5766098
T:16,22,31
MJ -9.343821 -0.15322891 2.6675897
T:16,22,31
MJ -9.343821 -0.1340753 2.6316767
T:16,22,31
MJ -9.389311 -0.1340753 2.6149173
T:16,22,32
MJ -9.403676 -0.19393034 2.5933692
T:16,22,32
MJ -9.351004 -0.12210429 2.6556187
T:16,22,32
MJ -9.389311 -0.14844051 2.6412535
T:16,22,32
MJ -9.403676 -0.11252748 2.6077347
T:16,22,32
MJ -9.398888 -0.17477672 2.6101289
T:16,22,32
MJ -9.406071 -0.14604631 2.6197057
T:16,22,32
MJ -9.396494 -0.11971009 2.5933692
T:16,22,32
MJ -9.394099 -0.1340753 2.6173115
T:16,22,32
MJ -9.346215 -0.11252748 2.6675897
T:16,22,32
MJ -9.410859 -0.1388637 2.6268883
T:16,22,32
MJ -9.384522 -0.1436521 2.6580129
T:16,22,33
MJ -9.355792 -0.17477672 2.5454853
T:16,22,33
MJ -9.370157 -0.17238252 2.6771665
T:16,22,33
MJ -9.374946 -0.14604631 2.612523
T:16,22,33
MJ -9.396494 -0.14604631 2.6508303
T:16,22,33
MJ -9.406071 -0.1412579 2.6867433
T:16,22,33
MJ -9.37734 -0.16998832 2.6675897
T:16,22,33
MJ -9.37734 -0.11492168 2.6173115
T:16,22,33
MJ -9.379734 -0.15801731 2.648436
T:16,22,33
MJ -9.37734 -0.11492168 2.6508303
T:16,22,33
MJ -9.406071 -0.1412579 2.6460419
T:16,22,33
MJ -9.370157 -0.1436521 2.6795607
T:16,22,33
MJ -9.384522 -0.16759412 2.648436
T:16,22,33
MJ -9.372552 -0.15801731 2.5574563
T:16,22,34
MJ -9.396494 -0.17956513 2.6675897
T:16,22,34
MJ -9.4156475 -0.1364695 2.5981576
T:16,22,34
MJ -9.362975 -0.16998832 2.612523
T:16,22,34
MJ -9.365369 -0.15322891 2.5742157
T:16,22,34
MJ -9.374946 -0.15322891 2.5574563
T:16,22,34
MJ -9.389311 -0.11731588 2.6556187
T:16,22,34
MJ -9.327062 -0.14604631 2.660407
T:16,22,34
MJ -9.401282 -0.11731588 2.6388593
T:16,22,34
MJ -9.4156475 -0.15801731 2.636465
T:16,22,34
MJ -9.341427 -0.1316811 2.6197057
T:16,22,34
MJ -9.3917055 -0.1436521 2.636465
T:16,22,35
MJ -9.3677635 -0.10295067 2.5694273
T:16,22,35
MJ -9.372552 -0.17238252 2.6053405
T:16,22,35
MJ -9.336638 -0.15801731 2.6939259
T:16,22,35
MJ -9.358187 -0.11731588 2.660407
T:16,22,35
MJ -9.370157 -0.10295067 2.624494
T:16,22,35
MJ -9.396494 -0.12210429 2.6412535
T:16,22,35
MJ -9.403676 -0.090979666 2.6556187
T:16,22,36
MJ -9.358187 -0.18195933 2.6077347
T:16,22,36
MJ -9.410859 -0.15801731 2.5837924
T:16,22,36
MJ -9.379734 -0.11252748 2.6412535
T:16,22,36
MJ -9.3917055 -0.12449849 2.6388593
T:16,22,36
MJ -9.401282 -0.1364695 2.579004
T:16,22,36
MJ -9.379734 -0.1340753 2.6340709
T:16,22,36
MJ -9.425224 -0.12689269 2.6580129
T:16,22,36
MJ -9.389311 -0.17956513 2.6340709
T:16,22,37
MJ -9.403676 -0.17477672 2.5981576
T:16,22,37
MJ -9.382129 -0.12928689 2.624494
T:16,22,37
MJ -9.33185 -0.1364695 2.6005518
T:16,22,37
MJ -9.372552 -0.1340753 2.5933692
T:16,22,37
MJ -9.37734 -0.11492168 2.6077347
T:16,22,37
MJ -9.3917055 -0.10534488 2.5981576
T:16,22,37
MJ -9.382129 -0.1316811 2.7011085
T:16,22,37
MJ -9.37734 -0.1340753 2.624494
T:16,22,37
MJ -9.374946 -0.10534488 2.5837924
T:16,22,37
MJ -9.386917 -0.1412579 2.624494
T:16,22,37
MJ -9.403676 -0.1388637 2.53112
T:16,22,37
MJ -9.346215 -0.1436521 2.648436
T:16,22,37
MJ -9.3677635 -0.14604631 2.6149173
T:16,22,37
MJ -9.3677635 -0.17238252 2.5837924
T:16,22,37
MJ -9.339032 -0.12928689 2.6580129
T:16,22,37
MJ -9.3917055 -0.15322891 2.6412535
T:16,22,37
MJ -9.358187 -0.15801731 2.6005518
T:16,22,37
MJ -9.386917 -0.17717093 2.6460419
T:16,22,37
MJ -9.374946 -0.10295067 2.6268883
T:16,22,37
MJ -9.394099 -0.1604115 2.6628013
T:16,22,37
MJ -9.382129 -0.1388637 2.6220999
T:16,22,37
MJ -9.34861 -0.14844051 2.660407
T:16,22,37
MJ -9.362975 -0.15322891 2.6915317
T:16,22,37
MJ -9.355792 -0.11971009 2.5646389
T:16,22,37
MJ -9.370157 -0.15083471 2.5742157
T:16,22,37
MJ -9.384522 -0.11731588 2.6292825
T:16,22,37
MJ -9.386917 -0.10534488 2.636465
T:16,22,37
MJ -9.418041 -0.1436521 2.6077347
T:16,22,37
MJ -9.358187 -0.1436521 2.6173115
T:16,22,37
MJ -9.33185 -0.1388637 2.5885808
T:16,22,38
MJ -8.888923 -0.0023942017 2.5406969
T:16,22,38
MJ -9.355792 -0.18435353 2.6149173
T:16,22,38
MJ -9.370157 -0.1388637 2.5861866
T:16,22,38
MJ -9.396494 -0.1388637 2.6316767
T:16,22,38
MJ -9.365369 -0.15322891 2.6101289
T:16,22,38
MJ -9.374946 -0.14604631 2.6053405
T:16,22,38
MJ -9.398888 -0.12210429 2.660407
T:16,22,38
MJ -9.394099 -0.1436521 2.6340709
T:16,22,38
MJ -9.34861 -0.1364695 2.6460419
T:16,22,38
MJ -9.403676 -0.12210429 2.6580129
T:16,22,38
MJ -9.432406 -0.14604631 2.6268883
T:16,22,38
MJ -9.386917 -0.11492168 2.6675897
T:16,22,38
MJ -9.408464 -0.1412579 2.5837924
T:16,22,38
MJ -9.386917 -0.12210429 2.543091
T:16,22,38
MJ -9.398888 -0.17477672 2.6077347
T:16,22,38
MJ -9.386917 -0.15801731 2.6173115
T:16,22,38
MJ -9.410859 -0.09816227 2.6197057
T:16,22,38
MJ -9.403676 -0.18435353 2.6268883
T:16,22,38
MJ -9.355792 -0.1388637 2.6340709
T:16,22,38
MJ -9.365369 -0.1364695 2.7106853
T:16,22,38
MJ -9.365369 -0.1388637 2.5981576
T:16,22,38
MJ -9.34861 -0.09816227 2.6220999
T:16,22,38
MJ -9.36058 -0.1364695 2.5957634
T:16,22,38
MJ -9.365369 -0.16759412 2.672378
T:16,22,38
MJ -9.374946 -0.11971009 2.5837924
T:16,22,38
MJ -9.37734 -0.14604631 2.6077347
T:16,22,38
MJ -9.384522 -0.1388637 2.5694273
T:16,22,38
MJ -9.382129 -0.110133275 2.6005518
T:16,22,38
MJ -9.408464 -0.1604115 2.6867433
T:16,22,38
MJ -9.389311 -0.16280572 2.6077347
T:16,22,38
MJ -9.374946 -0.1316811 2.6220999
T:16,22,38
MJ -9.396494 -0.15562311 2.6197057
T:16,22,38
MJ -9.425224 -0.1340753 2.6005518
T:16,22,38
MJ -9.406071 -0.1412579 2.624494
T:16,22,38
MJ -9.384522 -0.12928689 2.5861866
T:16,22,38
MJ -9.346215 -0.10295067 2.5478795
T:16,22,39
MJ -9.398888 -0.1412579 2.7226563
T:16,22,39
MJ -9.396494 -0.12210429 2.6771665
T:16,22,39
MJ -9.370157 -0.20350714 2.7250504
T:16,22,39
MJ -9.382129 -0.18914193 2.648436
T:16,22,39
MJ -9.398888 -0.12928689 2.6197057
T:16,22,39
MJ -9.42283 -0.1388637 2.6532245
T:16,22,39
MJ -9.506627 -0.18674773 2.6532245
T:16,22,39
MJ -9.432406 -0.18195933 2.6747723
T:16,22,39
MJ -9.346215 -0.14844051 2.5598505
T:16,22,39
MJ -9.401282 -0.15322891 2.6173115
T:16,22,39
MJ -9.427618 -0.1604115 2.6747723
T:16,22,39
MJ -9.389311 -0.1316811 2.6268883
T:16,22,40
MJ -9.3917055 -0.14844051 2.6460419
T:16,22,40
MJ -9.379734 -0.14604631 2.636465
T:16,22,40
MJ -9.33185 -0.12689269 2.6149173
T:16,22,40
MJ -9.406071 -0.10534488 2.6268883
T:16,22,40
MJ -9.351004 -0.16759412 2.6651955
T:16,22,40
MJ -9.418041 -0.11492168 2.5742157
T:16,22,40
MJ -9.394099 -0.1436521 2.5287259
T:16,22,40
MJ -9.3917055 -0.11731588 2.6699839
T:16,22,40
MJ -9.403676 -0.11731588 2.612523
T:16,22,40
MJ -9.379734 -0.12928689 2.660407
T:16,22,40
MJ -9.485079 -0.12689269 2.5622447
T:16,22,40
MJ -9.444378 -0.15322891 2.5957634
T:16,22,40
MJ -9.365369 -0.17956513 2.6197057
T:16,22,41
MJ -9.389311 -0.17477672 2.660407
T:16,22,41
MJ -9.413253 -0.15562311 2.5694273
T:16,22,41
MJ -9.3677635 -0.12210429 2.6388593
T:16,22,41
MJ -9.341427 -0.107739076 2.6077347
T:16,22,41
MJ -9.353398 -0.14604631 2.6077347
T:16,22,41
MJ -9.398888 -0.15322891 2.6388593
T:16,22,41
MJ -9.374946 -0.08619126 2.5766098
T:16,22,41
MJ -9.389311 -0.17477672 2.5885808
T:16,22,41
MJ -9.406071 -0.16759412 2.6508303
T:16,22,41
MJ -9.365369 -0.1340753 2.6508303
T:16,22,42
MJ -9.3917055 -0.1340753 2.6556187
T:16,22,42
MJ -9.398888 -0.15562311 2.6268883
T:16,22,42
MJ -9.408464 -0.15801731 2.6460419
T:16,22,42
MJ -9.37734 -0.11971009 2.6149173
T:16,22,42
MJ -9.3677635 -0.12449849 2.6197057
T:16,22,42
MJ -9.398888 -0.14604631 2.6747723
T:16,22,42
MJ -9.370157 -0.15083471 2.6149173
T:16,22,42
MJ -9.36058 -0.16280572 2.6388593
T:16,22,42
MJ -9.351004 -0.1412579 2.6197057
T:16,22,42
MJ -9.37734 -0.15801731 2.5766098
T:16,22,42
MJ -9.398888 -0.110133275 2.5933692
T:16,22,43
MJ -9.370157 -0.1316811 2.5694273
T:16,22,43
MJ -9.394099 -0.15801731 2.660407
T:16,22,43
MJ -9.355792 -0.1436521 2.636465
T:16,22,43
MJ -9.365369 -0.16998832 2.6292825
T:16,22,43
MJ -9.413253 -0.1316811 2.624494
T:16,22,43
MJ -9.37734 -0.1316811 2.6149173
T:16,22,43
MJ -9.408464 -0.17956513 2.6747723
T:16,22,43
MJ -9.353398 -0.095768064 2.6077347
T:16,22,43
MJ -9.36058 -0.15562311 2.6101289
T:16,22,43
MJ -9.37734 -0.15083471 2.5933692
T:16,22,43
MJ -9.398888 -0.1436521 2.5598505
T:16,22,43
MJ -9.389311 -0.10055647 2.6197057
T:16,22,44
MJ -9.408464 -0.02633622 2.1097405
T:16,22,44
MJ -9.351004 -0.11971009 2.7298388
T:16,22,44
MJ -9.327062 -0.15322891 2.6628013
T:16,22,44
MJ -9.374946 -0.079008654 3.017143
T:16,22,44
MJ -9.473108 0.06943185 2.294094
T:16,22,44
MJ -9.358187 0.20111294 2.4521115
T:16,22,44
MJ -9.327062 0.33997664 2.8543375
