T:16,18,32
MJ -9.379734 -0.24420857 2.6628013
T:16,18,32
MJ -9.382129 -0.1316811 2.6412535
T:16,18,32
MJ -9.372552 -0.1316811 2.5718215
T:16,18,32
MJ -9.351004 -0.16759412 2.648436
T:16,18,33
MJ -9.353398 -0.1412579 2.684349
T:16,18,33
MJ -9.312696 -0.15801731 2.6268883
T:16,18,33
MJ -9.384522 -0.1364695 2.6580129
T:16,18,33
MJ -9.372552 -0.15083471 2.5694273
T:16,18,33
MJ -9.339032 -0.17238252 2.6077347
T:16,18,33
MJ -9.389311 -0.18435353 2.6532245
T:16,18,33
MJ -9.358187 -0.15083471 2.6053405
T:16,18,33
MJ -9.341427 -0.15562311 2.5981576
T:16,18,34
MJ -9.382129 -0.12449849 2.6675897
T:16,18,34
MJ -9.336638 -0.110133275 2.567033
T:16,18,34
MJ -9.394099 -0.1388637 2.6651955
T:16,18,34
MJ -9.351004 -0.1604115 2.5742157
T:16,18,34
MJ -9.410859 -0.12689269 2.636465
T:16,18,34
MJ -9.379734 -0.1388637 2.6197057
T:16,18,34
MJ -9.36058 -0.110133275 2.6340709
T:16,18,34
MJ -9.365369 -0.12689269 2.6268883
T:16,18,35
MJ -9.341427 -0.1364695 2.612523
T:16,18,35
MJ -9.398888 -0.18914193 2.6173115
T:16,18,35
MJ -9.406071 -0.1340753 2.6675897
T:16,18,35
MJ -9.34861 -0.17477672 2.6508303
T:16,18,35
MJ -9.355792 -0.110133275 2.6340709
T:16,18,35
MJ -9.370157 -0.15083471 2.6460419
T:16,18,35
MJ -9.4156475 -0.031124622 2.5957634
T:16,18,35
MJ -9.374946 -0.15083471 2.5957634
T:16,18,35
MJ -9.406071 -0.15083471 2.6220999
T:16,18,35
MJ -9.4156475 -0.1316811 2.6149173
T:16,18,35
MJ -9.386917 -0.1340753 2.5694273
T:16,18,35
MJ -9.362975 -0.17717093 2.6149173
T:16,18,35
MJ -9.341427 -0.18674773 2.5957634
T:16,18,36
MJ -9.37734 -0.12210429 2.5813982
T:16,18,36
MJ -9.358187 -0.10534488 2.6197057
T:16,18,36
MJ -9.370157 -0.12449849 2.648436
T:16,18,36
MJ -9.353398 -0.10295067 2.5933692
T:16,18,36
MJ -9.386917 -0.17717093 2.5981576
T:16,18,36
MJ -9.365369 -0.12689269 2.6316767
T:16,18,36
MJ -9.386917 -0.16759412 2.6173115
T:16,18,36
MJ -9.37734 -0.12210429 2.5885808
T:16,18,36
MJ -9.36058 -0.1340753 2.6628013
T:16,18,36
MJ -9.351004 -0.16519992 2.6556187
T:16,18,36
MJ -9.365369 -0.15083471 2.5861866
T:16,18,36
MJ -9.396494 -0.17956513 2.590975
T:16,18,36
MJ -9.382129 -0.16280572 2.5933692
T:16,18,37
MJ -9.3917055 -0.1364695 2.6580129
T:16,18,37
MJ -9.372552 -0.11492168 2.6053405
T:16,18,37
MJ -9.355792 -0.17717093 2.6101289
T:16,18,37
MJ -9.37734 -0.12210429 2.5742157
T:16,18,37
MJ -9.394099 -0.12928689 2.6340709
T:16,18,37
MJ -9.396494 -0.14604631 2.6556187
T:16,18,37
MJ -9.365369 -0.16280572 2.6388593
T:16,18,37
MJ -9.382129 -0.15322891 2.648436
T:16,18,37
MJ -9.3917055 -0.12210429 2.6460419
T:16,18,37
MJ -9.334244 -0.17477672 2.6580129
T:16,18,38
MJ -9.370157 -0.1340753 2.648436
T:16,18,38
MJ -9.36058 -0.1388637 2.6005518
T:16,18,38
MJ -9.37734 -0.1340753 2.6388593
T:16,18,38
MJ -9.384522 -0.12928689 2.6316767
T:16,18,38
MJ -9.36058 -0.14604631 2.684349
T:16,18,38
MJ -9.394099 -0.18195933 2.6149173
T:16,18,38
MJ -9.408464 -0.16519992 2.6220999
T:16,18,38
MJ -9.384522 -0.12449849 2.6149173
T:16,18,38
MJ -9.370157 -0.11971009 2.5981576
T:16,18,38
MJ -9.353398 -0.16519992 2.6101289
T:16,18,39
MJ -9.365369 -0.15801731 2.6268883
T:16,18,39
MJ -9.389311 -0.16280572 2.6197057
T:16,18,39
MJ -9.401282 -0.14604631 2.590975
T:16,18,39
MJ -9.324667 -0.12210429 2.624494
T:16,18,39
MJ -9.370157 -0.1412579 2.6149173
T:16,18,39
MJ -9.396494 -0.11731588 2.6675897
T:16,18,39
MJ -9.346215 -0.1340753 2.5837924
T:16,18,39
MJ -9.336638 -0.17956513 2.6340709
T:16,18,39
MJ -9.3917055 -0.16280572 2.6268883
T:16,18,39
MJ -9.379734 -0.12689269 2.5766098
T:16,18,39
MJ -9.37734 -0.1436521 2.6556187
T:16,18,40
MJ -9.389311 -0.12689269 2.6508303
T:16,18,40
MJ -9.3677635 -0.09816227 2.636465
T:16,18,40
MJ -9.398888 -0.16998832 2.579004
T:16,18,40
MJ -9.341427 -0.1412579 2.672378
T:16,18,40
MJ -9.394099 -0.110133275 2.6077347
T:16,18,40
MJ -9.346215 -0.1436521 2.6173115
T:16,18,40
MJ -9.374946 -0.12689269 2.6508303
T:16,18,40
MJ -9.382129 -0.15083471 2.6077347
T:16,18,40
MJ -9.358187 -0.17717093 2.6316767
T:16,18,40
MJ -9.379734 -0.12210429 2.6532245
T:16,18,41
MJ -9.372552 -0.1364695 2.6197057
T:16,18,41
MJ -9.358187 -0.1412579 2.5885808
T:16,18,41
MJ -9.389311 -0.15801731 2.5742157
T:16,18,41
MJ -9.374946 -0.14844051 2.590975
T:16,18,41
MJ -9.382129 -0.1364695 2.5957634
T:16,18,41
MJ -9.394099 -0.17956513 2.5813982
T:16,18,42
MJ -9.394099 -0.12449849 2.6077347
T:16,18,42
MJ -9.372552 -0.17477672 2.6173115
T:16,18,42
MJ -9.372552 -0.14604631 2.5981576
T:16,18,42
MJ -9.394099 -0.1316811 2.5957634
T:16,18,42
MJ -9.353398 -0.15083471 2.6101289
T:16,18,42
MJ -9.382129 -0.15322891 2.6819549
T:16,18,43
MJ -9.384522 -0.19393034 2.6053405
T:16,18,43
MJ -9.37734 -0.15083471 2.660407
T:16,18,43
MJ -9.374946 -0.11731588 2.5646389
T:16,18,43
MJ -9.372552 -0.15562311 2.6077347
T:16,18,43
MJ -9.408464 -0.12928689 2.590975
T:16,18,43
MJ -9.370157 -0.1340753 2.6101289
T:16,18,44
MJ -9.358187 -0.1436521 2.612523
T:16,18,44
MJ -9.398888 -0.11971009 2.5957634
T:16,18,44
MJ -9.401282 -0.14844051 2.648436
T:16,18,44
MJ -9.3917055 -0.16280572 2.660407
T:16,18,44
MJ -9.386917 -0.17477672 2.6005518
T:16,18,45
MJ -9.403676 -0.1340753 2.612523
T:16,18,45
MJ -9.406071 -0.12210429 2.6173115
T:16,18,45
MJ -9.401282 -0.15801731 2.648436
T:16,18,45
MJ -9.339032 -0.12449849 2.5813982
T:16,18,45
MJ -9.34861 -0.15562311 2.5766098
T:16,18,45
MJ -9.398888 -0.12210429 2.6149173
T:16,18,46
MJ -9.3917055 -0.1364695 2.6149173
T:16,18,46
MJ -9.370157 -0.14604631 2.6005518
T:16,18,46
MJ -9.382129 -0.15562311 2.672378
T:16,18,46
MJ -9.362975 -0.11731588 2.5861866
T:16,18,46
MJ -9.3677635 -0.1412579 2.6173115
T:16,18,47
MJ -9.370157 -0.14604631 2.5861866
T:16,18,47
MJ -9.408464 -0.10295067 2.602946
T:16,18,47
MJ -9.34861 -0.16998832 2.590975
T:16,18,47
MJ -9.389311 -0.1316811 2.6460419
T:16,18,47
MJ -9.372552 -0.1364695 2.6436477
T:16,18,48
MJ -9.379734 -0.1364695 2.5885808
T:16,18,48
MJ -9.386917 -0.12928689 2.6173115
T:16,18,48
MJ -9.403676 -0.12210429 2.5263317
T:16,18,49
MJ -9.358187 -0.1412579 2.602946
T:16,18,49
MJ -9.372552 -0.1364695 2.5885808
T:16,18,49
MJ -9.372552 -0.11731588 2.5957634
T:16,18,49
MJ -9.370157 -0.1388637 2.6747723
T:16,18,49
MJ -9.343821 -0.11492168 2.660407
T:16,18,49
MJ -9.300725 -0.17477672 2.6508303
T:16,18,49
MJ -9.37734 -0.110133275 2.6149173
T:16,18,49
MJ -9.382129 -0.1340753 2.6053405
T:16,18,49
MJ -9.353398 -0.1412579 2.6316767
T:16,18,50
MJ -9.398888 -0.15083471 2.5646389
T:16,18,50
MJ -9.3677635 -0.079008654 2.6077347
T:16,18,50
MJ -9.351004 -0.1340753 2.6053405
T:16,18,50
MJ -9.398888 -0.14844051 2.672378
T:16,18,51
MJ -9.389311 -0.1412579 2.6460419
T:16,18,51
MJ -9.384522 -0.1364695 2.5957634
T:16,18,51
MJ -9.3917055 -0.107739076 2.6508303
T:16,18,51
MJ -9.394099 -0.11731588 2.6436477
T:16,18,51
MJ -9.374946 -0.15322891 2.6532245
T:16,18,52
MJ -9.362975 -0.1340753 2.5861866
T:16,18,52
MJ -9.403676 -0.107739076 2.624494
T:16,18,52
MJ -9.365369 -0.15322891 2.6867433
T:16,18,52
MJ -9.386917 -0.15562311 2.6173115
T:16,18,52
MJ -9.401282 -0.11731588 2.6795607
T:16,18,53
MJ -9.406071 -0.1604115 2.5885808
T:16,18,53
MJ -9.389311 -0.1412579 2.612523
T:16,18,53
MJ -9.389311 -0.11731588 2.624494
T:16,18,54
MJ -9.3677635 -0.16759412 2.6340709
T:16,18,54
MJ -9.3677635 -0.1412579 2.6460419
T:16,18,55
MJ -9.37734 -0.14844051 2.579004
T:16,18,55
MJ -9.396494 -0.11731588 2.5933692
T:16,18,55
MJ -9.3917055 -0.09816227 2.684349
T:16,18,55
MJ -9.386917 -0.1388637 2.6053405
T:16,18,55
MJ -9.418041 -0.12928689 2.5598505
T:16,18,55
MJ -9.394099 -0.1340753 2.660407
T:16,18,55
MJ -9.374946 -0.15562311 2.6077347
T:16,18,55
MJ -9.408464 -0.1412579 2.6101289
T:16,18,56
MJ -9.398888 -0.110133275 2.5837924
T:16,18,56
MJ -9.401282 -0.1604115 2.6149173
T:16,18,56
MJ -9.3917055 -0.1316811 2.5694273
T:16,18,56
MJ -9.382129 -0.14844051 2.5813982
T:16,18,56
MJ -9.370157 -0.11252748 2.6101289
T:16,18,56
MJ -9.401282 -0.14604631 2.6101289
T:16,18,56
MJ -9.37734 -0.12928689 2.6220999
T:16,18,57
MJ -9.389311 -0.1316811 2.6388593
T:16,18,57
MJ -9.379734 -0.107739076 2.6316767
T:16,18,57
MJ -9.389311 -0.1364695 2.648436
T:16,18,57
MJ -9.410859 -0.12928689 2.5383027
T:16,18,57
MJ -9.379734 -0.107739076 2.7178679
T:16,18,57
MJ -9.4395895 -0.1436521 2.6220999
T:16,18,57
MJ -9.355792 -0.1316811 2.612523
T:16,18,57
MJ -9.398888 -0.12210429 2.6412535
T:16,18,57
MJ -9.410859 -0.1316811 2.6292825
T:16,18,58
MJ -9.4156475 -0.1364695 2.5622447
T:16,18,58
MJ -9.394099 -0.15562311 2.5742157
T:16,18,58
MJ -9.346215 -0.14844051 2.636465
T:16,18,58
MJ -9.413253 -0.16998832 2.5837924
T:16,18,58
MJ -9.365369 -0.10055647 2.6316767
T:16,18,58
MJ -9.437195 -0.1364695 2.6412535
T:16,18,58
MJ -9.379734 -0.1388637 2.6556187
T:16,18,58
MJ -9.398888 -0.10295067 2.6867433
T:16,18,58
MJ -9.3917055 -0.16519992 2.602946
T:16,18,58
MJ -9.353398 -0.107739076 2.6149173
T:16,18,59
MJ -9.403676 -0.12689269 2.6268883
T:16,18,59
MJ -9.434801 -0.11492168 2.5813982
T:16,18,59
MJ -9.410859 -0.1316811 2.624494
T:16,18,59
MJ -9.351004 -0.076614454 2.636465
T:16,18,59
MJ -9.403676 -0.12210429 2.5454853
T:16,18,59
MJ -9.408464 -0.1316811 2.6699839
T:16,18,59
MJ -9.418041 -0.1364695 2.6340709
T:16,18,59
MJ -9.4156475 -0.1340753 2.6077347
T:16,18,59
MJ -9.4156475 -0.15801731 2.6388593
T:16,18,59
MJ -9.365369 -0.1436521 2.6508303
T:16,19,00
MJ -9.365369 -0.1412579 2.5981576
T:16,19,00
MJ -9.386917 -0.1316811 2.5957634
T:16,19,00
MJ -9.3677635 -0.1412579 2.6580129
T:16,19,00
MJ -9.379734 -0.079008654 2.6149173
T:16,19,00
MJ -9.398888 -0.18674773 2.6460419
T:16,19,00
MJ -9.382129 -0.10534488 2.648436
T:16,19,00
MJ -9.401282 -0.16759412 2.624494
T:16,19,00
MJ -9.384522 -0.107739076 2.6149173
T:16,19,00
MJ -9.358187 -0.17238252 2.5502737
T:16,19,01
MJ -9.398888 -0.1364695 2.5957634
T:16,19,01
MJ -9.3917055 -0.11731588 2.6388593
T:16,19,01
MJ -9.3677635 -0.11971009 2.6388593
T:16,19,01
MJ -9.386917 -0.1364695 2.6077347
T:16,19,01
MJ -9.37734 -0.12210429 2.5981576
T:16,19,01
MJ -9.406071 -0.11252748 2.6101289
T:16,19,01
MJ -9.386917 -0.09816227 2.5813982
T:16,19,01
MJ -9.444378 -0.12210429 2.6268883
T:16,19,01
MJ -9.401282 -0.1388637 2.636465
T:16,19,02
MJ -9.374946 -0.15801731 2.6436477
T:16,19,02
MJ -9.389311 -0.11731588 2.5718215
T:16,19,02
MJ -9.4156475 -0.1388637 2.6580129
T:16,19,02
MJ -9.365369 -0.09816227 2.6628013
T:16,19,03
MJ -9.406071 -0.12210429 2.590975
T:16,19,03
MJ -9.34861 -0.11492168 2.6077347
T:16,19,03
MJ -9.3677635 -0.1340753 2.6173115
T:16,19,03
MJ -9.396494 -0.12449849 2.6532245
T:16,19,03
MJ -9.389311 -0.11971009 2.6628013
T:16,19,04
MJ -9.406071 -0.1364695 2.6173115
T:16,19,04
MJ -9.394099 -0.1316811 2.624494
T:16,19,04
MJ -9.379734 -0.15083471 2.6436477
T:16,19,04
MJ -9.425224 -0.16998832 2.6987143
T:16,19,04
MJ -9.410859 -0.110133275 2.5622447
T:16,19,05
MJ -9.4156475 -0.10295067 2.6149173
T:16,19,05
MJ -9.389311 -0.12689269 2.6436477
T:16,19,06
MJ -9.389311 -0.14604631 2.5598505
T:16,19,06
MJ -9.401282 -0.1364695 2.602946
T:16,19,06
MJ -9.410859 -0.12210429 2.579004
T:16,19,06
MJ -9.362975 -0.14604631 2.6053405
T:16,19,06
MJ -9.413253 -0.16998832 2.5646389
T:16,19,07
MJ -9.37734 -0.11731588 2.6675897
T:16,19,07
MJ -9.379734 -0.1388637 2.6197057
T:16,19,07
MJ -9.408464 -0.12928689 2.6316767
T:16,19,07
MJ -9.413253 -0.16280572 2.6675897
T:16,19,08
MJ -9.389311 -0.14604631 2.5646389
T:16,19,08
MJ -9.403676 -0.15562311 2.6316767
T:16,19,08
MJ -9.394099 -0.1364695 2.636465
T:16,19,08
MJ -9.351004 -0.1364695 2.590975
T:16,19,08
MJ -9.406071 -0.15322891 2.6149173
T:16,19,08
MJ -9.365369 -0.18195933 2.612523
T:16,19,08
MJ -9.398888 -0.14604631 2.6388593
T:16,19,08
MJ -9.374946 -0.11492168 2.6268883
T:16,19,09
MJ -9.408464 -0.12689269 2.6268883
T:16,19,09
MJ -9.394099 -0.10055647 2.6220999
T:16,19,09
MJ -9.351004 -0.15322891 2.6197057
T:16,19,09
MJ -9.386917 -0.1364695 2.6197057
T:16,19,09
MJ -9.351004 -0.16759412 2.6867433
T:16,19,09
MJ -9.386917 -0.12689269 2.5981576
T:16,19,09
MJ -9.37734 -0.12449849 2.612523
T:16,19,09
MJ -9.353398 -0.16519992 2.567033
T:16,19,10
MJ -9.401282 -0.16519992 2.6340709
T:16,19,10
MJ -9.406071 -0.10534488 2.5837924
T:16,19,10
MJ -9.3917055 -0.15083471 2.6771665
T:16,19,10
MJ -9.358187 -0.1436521 2.6436477
T:16,19,10
MJ -9.408464 -0.11731588 2.6268883
T:16,19,10
MJ -9.379734 -0.14604631 2.590975
T:16,19,10
MJ -9.386917 -0.14844051 2.6053405
T:16,19,10
MJ -9.370157 -0.15801731 2.6819549
T:16,19,10
MJ -9.353398 -0.11731588 2.6053405
T:16,19,11
MJ -9.370157 -0.1436521 2.624494
T:16,19,11
MJ -9.374946 -0.1340753 2.6101289
T:16,19,11
MJ -9.36058 -0.10055647 2.6268883
T:16,19,11
MJ -9.329455 -0.1316811 2.6268883
T:16,19,11
MJ -9.386917 -0.12449849 2.5718215
T:16,19,11
MJ -9.418041 -0.17238252 2.6795607
T:16,19,11
MJ -9.358187 -0.16759412 2.6460419
T:16,19,11
MJ -9.396494 -0.110133275 2.602946
T:16,19,11
MJ -9.374946 -0.17717093 2.6340709
T:16,19,11
MJ -9.374946 -0.12210429 2.6340709
T:16,19,11
MJ -9.425224 -0.11971009 2.6149173
T:16,19,11
MJ -9.36058 -0.1388637 2.6412535
T:16,19,12
MJ -9.420436 -0.110133275 2.5526679
T:16,19,12
MJ -9.351004 -0.15322891 2.6101289
T:16,19,12
MJ -9.379734 -0.1412579 2.6077347
T:16,19,12
MJ -9.420436 -0.14604631 2.6556187
T:16,19,12
MJ -9.370157 -0.11252748 2.6173115
T:16,19,12
MJ -9.413253 -0.11252748 2.5933692
T:16,19,12
MJ -9.358187 -0.12689269 2.6532245
T:16,19,12
MJ -9.34861 -0.11492168 2.6556187
T:16,19,12
MJ -9.384522 -0.1364695 2.6101289
T:16,19,12
MJ -9.413253 -0.1388637 2.5933692
T:16,19,13
MJ -9.355792 -0.12449849 2.602946
T:16,19,13
MJ -9.362975 -0.12449849 2.590975
T:16,19,13
MJ -9.374946 -0.16280572 2.590975
T:16,19,13
MJ -9.3677635 -0.1436521 2.6268883
T:16,19,13
MJ -9.3677635 -0.16998832 2.6101289
T:16,19,13
MJ -9.394099 -0.15562311 2.5813982
T:16,19,13
MJ -9.374946 -0.16280572 2.6197057
T:16,19,13
MJ -9.437195 -0.15562311 2.6316767
T:16,19,13
MJ -9.403676 -0.11971009 2.624494
T:16,19,13
MJ -9.34861 -0.12449849 2.6149173
T:16,19,14
MJ -9.408464 -0.12449849 2.6077347
T:16,19,14
MJ -9.394099 -0.15322891 2.5981576
T:16,19,14
MJ -9.386917 -0.15562311 2.5837924
T:16,19,14
MJ -9.382129 -0.12928689 2.6220999
T:16,19,14
MJ -9.365369 -0.14604631 2.6675897
T:16,19,14
MJ -9.3677635 -0.15801731 2.5885808
T:16,19,14
MJ -9.3677635 -0.15322891 2.6580129
T:16,19,14
MJ -9.322273 -0.14604631 2.6412535
T:16,19,14
MJ -9.370157 -0.15801731 2.6220999
T:16,19,15
MJ -9.358187 -0.11492168 2.6340709
T:16,19,15
MJ -9.394099 -0.14844051 2.636465
T:16,19,15
MJ -9.3917055 -0.1340753 2.6340709
T:16,19,15
MJ -9.341427 -0.11252748 2.6412535
T:16,19,15
MJ -9.341427 -0.1412579 2.5933692
T:16,19,15
MJ -9.382129 -0.1388637 2.5837924
T:16,19,15
MJ -9.355792 -0.15801731 2.5622447
T:16,19,15
MJ -9.384522 -0.10534488 2.6651955
T:16,19,15
MJ -9.341427 -0.18435353 2.612523
T:16,19,15
MJ -9.37734 -0.1412579 2.6077347
T:16,19,16
MJ -9.386917 -0.14604631 2.6436477
T:16,19,16
MJ -9.351004 -0.15322891 2.602946
T:16,19,16
MJ -9.353398 -0.19153613 2.6508303
T:16,19,16
MJ -9.351004 -0.14844051 2.602946
T:16,19,16
MJ -9.37734 -0.1388637 2.590975
T:16,19,16
MJ -9.379734 -0.14844051 2.5813982
T:16,19,16
MJ -9.3677635 -0.1436521 2.6460419
T:16,19,16
MJ -9.37734 -0.15083471 2.6412535
T:16,19,16
MJ -9.339032 -0.1604115 2.6005518
T:16,19,16
MJ -9.401282 -0.1388637 2.636465
T:16,19,17
MJ -9.362975 -0.12689269 2.636465
T:16,19,17
MJ -9.362975 -0.14844051 2.6316767
T:16,19,17
MJ -9.401282 -0.1364695 2.6268883
T:16,19,17
MJ -9.382129 -0.1340753 2.590975
T:16,19,17
MJ -9.358187 -0.15562311 2.6915317
T:16,19,17
MJ -9.3677635 -0.15322891 2.660407
T:16,19,17
MJ -9.379734 -0.16280572 2.6149173
T:16,19,17
MJ -9.334244 -0.12449849 2.6220999
T:16,19,17
MJ -9.3677635 -0.16280572 2.636465
T:16,19,18
MJ -9.3677635 -0.15562311 2.5526679
T:16,19,18
MJ -9.3677635 -0.11971009 2.6149173
T:16,19,18
MJ -9.398888 -0.12689269 2.6316767
T:16,19,18
MJ -9.403676 -0.14604631 2.6268883
T:16,19,18
MJ -9.389311 -0.1364695 2.5861866
T:16,19,18
MJ -9.355792 -0.1436521 2.6460419
T:16,19,18
MJ -9.408464 -0.15562311 2.6292825
T:16,19,18
MJ -9.406071 -0.14604631 2.6077347
T:16,19,18
MJ -9.372552 -0.1388637 2.6508303
T:16,19,18
MJ -9.334244 -0.12928689 2.5933692
T:16,19,19
MJ -9.362975 -0.1364695 2.636465
T:16,19,19
MJ -9.3677635 -0.16998832 2.612523
T:16,19,19
MJ -9.408464 -0.1436521 2.648436
T:16,19,19
MJ -9.3677635 -0.110133275 2.6077347
T:16,19,19
MJ -9.37734 -0.1388637 2.6316767
T:16,19,19
MJ -9.34861 -0.15322891 2.6292825
T:16,19,19
MJ -9.353398 -0.15322891 2.5861866
T:16,19,19
MJ -9.370157 -0.18674773 2.6532245
T:16,19,19
MJ -9.3917055 -0.15801731 2.6149173
T:16,19,19
MJ -9.379734 -0.1412579 2.6340709
T:16,19,19
MJ -9.358187 -0.15083471 2.5766098
T:16,19,19
MJ -9.362975 -0.12689269 2.6580129
T:16,19,19
MJ -9.36058 -0.110133275 2.6532245
T:16,19,20
MJ -9.374946 -0.15083471 2.6699839
T:16,19,20
MJ -9.384522 -0.1412579 2.6460419
T:16,19,20
MJ -9.343821 -0.11492168 2.6412535
T:16,19,20
MJ -9.389311 -0.1604115 2.6771665
T:16,19,20
MJ -9.34861 -0.15801731 2.6460419
T:16,19,20
MJ -9.372552 -0.1388637 2.6197057
T:16,19,20
MJ -9.343821 -0.10534488 2.6292825
T:16,19,20
MJ -9.334244 -0.11492168 2.6436477
T:16,19,20
MJ -9.382129 -0.18435353 2.5957634
T:16,19,20
MJ -9.403676 -0.12210429 2.6412535
T:16,19,20
MJ -9.389311 -0.095768064 2.6388593
T:16,19,20
MJ -9.396494 -0.06943185 2.6316767
T:16,19,20
MJ -9.396494 -0.15083471 2.5718215
T:16,19,21
MJ -9.3677635 -0.17477672 2.6149173
T:16,19,21
MJ -9.358187 -0.15562311 2.5813982
T:16,19,21
MJ -9.362975 -0.12689269 2.636465
T:16,19,21
MJ -9.358187 -0.16519992 2.579004
T:16,19,21
MJ -9.374946 -0.16519992 2.6412535
T:16,19,21
MJ -9.379734 -0.15562311 2.5885808
T:16,19,21
MJ -9.370157 -0.1604115 2.6460419
T:16,19,21
MJ -9.418041 -0.1316811 2.6556187
T:16,19,21
MJ -9.341427 -0.110133275 2.5837924
T:16,19,21
MJ -9.372552 -0.17477672 2.5885808
T:16,19,21
MJ -9.394099 -0.12928689 2.6436477
T:16,19,21
MJ -9.3677635 -0.1412579 2.5813982
T:16,19,21
MJ -9.386917 -0.22505496 2.6149173
T:16,19,22
MJ -9.36058 -0.1340753 2.6316767
T:16,19,22
MJ -9.3917055 -0.1604115 2.602946
T:16,19,22
MJ -9.353398 -0.1604115 2.590975
T:16,19,22
MJ -9.34861 -0.14844051 2.5885808
T:16,19,22
MJ -9.358187 -0.1436521 2.6340709
T:16,19,22
MJ -9.37734 -0.15562311 2.5837924
T:16,19,22
MJ -9.3917055 -0.1340753 2.6436477
T:16,19,22
MJ -9.362975 -0.11731588 2.6436477
T:16,19,23
MJ -9.329455 -0.1604115 2.5957634
T:16,19,23
MJ -9.353398 -0.15562311 2.5885808
T:16,19,23
MJ -9.427618 -0.1412579 2.6173115
T:16,19,23
MJ -9.346215 -0.19632454 2.6532245
T:16,19,23
MJ -9.34861 -0.1340753 2.6292825
T:16,19,23
MJ -9.394099 -0.11492168 2.660407
T:16,19,23
MJ -9.346215 -0.16998832 2.636465
T:16,19,23
MJ -9.346215 -0.16998832 2.6149173
T:16,19,23
MJ -9.34861 -0.11971009 2.5742157
T:16,19,23
MJ -9.351004 -0.17956513 2.6053405
T:16,19,23
MJ -9.36058 -0.16280572 2.6316767
T:16,19,24
MJ -9.355792 -0.15322891 2.5933692
T:16,19,24
MJ -9.379734 -0.10295067 2.6532245
T:16,19,24
MJ -9.346215 -0.12210429 2.5957634
T:16,19,24
MJ -9.3677635 -0.17477672 2.6220999
T:16,19,24
MJ -9.310302 -0.08140286 2.5981576
T:16,19,24
MJ -9.384522 -0.1436521 2.5885808
T:16,19,24
MJ -9.37734 -0.047884032 2.6077347
T:16,19,24
MJ -9.374946 -0.11492168 2.6316767
T:16,19,24
MJ -9.353398 -0.12689269 2.5837924
T:16,19,24
MJ -9.334244 -0.1364695 2.6268883
T:16,19,24
MJ -9.413253 -0.10295067 2.636465
T:16,19,24
MJ -9.386917 -0.16280572 2.6053405
T:16,19,24
MJ -9.389311 -0.12928689 2.6077347
T:16,19,24
MJ -9.374946 -0.15322891 2.5933692
T:16,19,24
MJ -9.33185 -0.16519992 2.648436
T:16,19,24
MJ -9.365369 -0.15801731 2.6460419
T:16,19,24
MJ -9.401282 -0.15322891 2.567033
T:16,19,24
MJ -9.351004 -0.1316811 2.6101289
T:16,19,24
MJ -9.334244 -0.1436521 2.590975
T:16,19,24
MJ -9.334244 -0.14604631 2.590975
T:16,19,24
MJ -9.358187 -0.12449849 2.7035027
T:16,19,24
MJ -9.386917 -0.10055647 2.602946
T:16,19,24
MJ -9.37734 -0.15562311 2.6005518
T:16,19,24
MJ -9.327062 -0.15083471 2.6460419
T:16,19,24
MJ -9.382129 -0.17477672 2.5981576
T:16,19,24
MJ -9.37734 -0.110133275 2.5454853
T:16,19,24
MJ -9.358187 -0.16280572 2.579004
T:16,19,24
MJ -9.372552 -0.12210429 2.5406969
T:16,19,24
MJ -9.374946 -0.16759412 2.648436
T:16,19,24
MJ -9.33185 -0.1340753 2.6819549
T:16,19,25
MJ -9.37734 -0.1340753 2.602946
T:16,19,25
MJ -9.372552 -0.19393034 2.579004
T:16,19,25
MJ -9.374946 -0.11492168 2.5933692
T:16,19,25
MJ -9.396494 -0.15801731 2.6316767
T:16,19,25
MJ -9.362975 -0.11492168 2.5837924
T:16,19,25
MJ -9.401282 -0.1412579 2.590975
T:16,19,25
MJ -9.374946 -0.16759412 2.648436
T:16,19,25
MJ -9.353398 -0.1412579 2.5742157
T:16,19,25
MJ -9.36058 -0.12449849 2.648436
T:16,19,25
MJ -9.389311 -0.10055647 2.5813982
T:16,19,25
MJ -9.427618 -0.1388637 2.6915317
T:16,19,25
MJ -9.362975 -0.1412579 2.6101289
T:16,19,25
MJ -9.408464 -0.1364695 2.672378
T:16,19,25
MJ -9.389311 -0.18435353 2.6508303
T:16,19,25
MJ -9.355792 -0.17238252 2.5813982
T:16,19,25
MJ -9.3917055 -0.16519992 2.6053405
T:16,19,25
MJ -9.413253 -0.15562311 2.590975
T:16,19,25
MJ -9.398888 -0.15801731 2.636465
T:16,19,25
MJ -9.389311 -0.14844051 2.5933692
T:16,19,25
MJ -9.384522 -0.16519992 2.5933692
T:16,19,25
MJ -9.365369 -0.1412579 2.5981576
T:16,19,25
MJ -9.408464 -0.15322891 2.6747723
T:16,19,25
MJ -9.410859 -0.107739076 2.6077347
T:16,19,25
MJ -9.3917055 -0.1388637 2.6388593
T:16,19,25
MJ -9.34861 -0.1340753 2.5143607
T:16,19,25
MJ -9.358187 -0.11252748 2.6675897
T:16,19,25
MJ -9.36058 -0.16280572 2.5957634
T:16,19,25
MJ -9.37734 -0.107739076 2.5406969
T:16,19,25
MJ -9.341427 -0.12928689 2.612523
T:16,19,25
MJ -9.384522 -0.14604631 2.636465
T:16,19,25
MJ -9.386917 -0.14604631 2.5861866
T:16,19,25
MJ -9.403676 -0.14604631 2.6268883
T:16,19,25
MJ -9.327062 -0.1316811 2.590975
T:16,19,26
MJ -9.37734 -0.11971009 2.6268883
T:16,19,26
MJ -9.384522 -0.17477672 2.6197057
T:16,19,26
MJ -9.410859 -0.14844051 2.6699839
T:16,19,26
MJ -9.365369 -0.12928689 2.5885808
T:16,19,26
MJ -9.403676 -0.16759412 2.6292825
T:16,19,26
MJ -9.365369 -0.11971009 2.5933692
T:16,19,26
MJ -9.355792 -0.107739076 2.6220999
T:16,19,26
MJ -9.3677635 -0.11971009 2.6053405
T:16,19,26
MJ -9.355792 -0.088585466 2.6197057
T:16,19,26
MJ -9.401282 -0.17477672 2.590975
T:16,19,26
MJ -9.36058 -0.18195933 2.5574563
T:16,19,26
MJ -9.3917055 -0.11971009 2.5837924
T:16,19,26
MJ -9.339032 -0.18195933 2.6556187
T:16,19,26
MJ -9.379734 -0.10055647 2.6675897
T:16,19,26
MJ -9.327062 -0.1340753 2.6556187
T:16,19,26
MJ -9.382129 -0.16998832 2.5981576
T:16,19,26
MJ -9.3917055 -0.10534488 2.6388593
T:16,19,26
MJ -9.389311 -0.1436521 2.5813982
T:16,19,26
MJ -9.406071 -0.10534488 2.5981576
T:16,19,26
MJ -9.3677635 -0.15322891 2.5957634
T:16,19,26
MJ -9.37734 -0.11252748 2.6077347
T:16,19,26
MJ -9.372552 -0.12689269 2.6340709
T:16,19,26
MJ -9.379734 -0.107739076 2.6197057
T:16,19,26
MJ -9.37734 -0.15322891 2.6460419
T:16,19,26
MJ -9.413253 -0.16280572 2.6460419
T:16,19,26
MJ -9.420436 -0.12210429 2.624494
T:16,19,26
MJ -9.36058 -0.11731588 2.5813982
T:16,19,26
MJ -9.394099 -0.1340753 2.6436477
T:16,19,26
MJ -9.374946 -0.17717093 2.6747723
T:16,19,26
MJ -9.351004 -0.11492168 2.6149173
T:16,19,27
MJ -9.425224 -0.15322891 2.6316767
T:16,19,27
MJ -9.382129 -0.16519992 2.5861866
T:16,19,27
MJ -9.37734 -0.1364695 2.648436
T:16,19,27
MJ -9.396494 -0.17717093 2.6316767
T:16,19,27
MJ -9.413253 -0.08619126 2.5813982
T:16,19,27
MJ -9.437195 -0.12689269 2.6508303
T:16,19,27
MJ -9.3677635 -0.107739076 2.648436
T:16,19,27
MJ -9.370157 -0.12210429 2.6340709
T:16,19,27
MJ -9.427618 -0.11492168 2.5383027
T:16,19,27
MJ -9.394099 -0.12449849 2.6292825
T:16,19,27
MJ -9.355792 -0.11492168 2.5813982
T:16,19,27
MJ -9.389311 -0.15083471 2.6340709
T:16,19,27
MJ -9.374946 -0.14604631 2.6316767
T:16,19,27
MJ -9.379734 -0.1388637 2.6651955
T:16,19,27
MJ -9.384522 -0.15083471 2.624494
T:16,19,27
MJ -9.362975 -0.15801731 2.5718215
T:16,19,27
MJ -9.396494 -0.15083471 2.5718215
T:16,19,27
MJ -9.365369 -0.16280572 2.672378
T:16,19,27
MJ -9.3677635 -0.12449849 2.624494
T:16,19,27
MJ -9.398888 -0.10534488 2.6412535
T:16,19,27
MJ -9.36058 -0.10055647 2.5574563
T:16,19,27
MJ -9.365369 -0.15801731 2.636465
T:16,19,27
MJ -9.37734 -0.1388637 2.6149173
T:16,19,27
MJ -9.384522 -0.17717093 2.5837924
T:16,19,27
MJ -9.382129 -0.09816227 2.5766098
T:16,19,27
MJ -9.372552 -0.1316811 2.6173115
T:16,19,27
MJ -9.394099 -0.12210429 2.6268883
T:16,19,27
MJ -9.34861 -0.10295067 2.6173115
T:16,19,27
MJ -9.408464 -0.15562311 2.6053405
T:16,19,27
MJ -9.394099 -0.12210429 2.5957634
T:16,19,27
MJ -9.346215 -0.1388637 2.5885808
T:16,19,27
MJ -9.372552 -0.1388637 2.624494
T:16,19,27
MJ -9.3917055 -0.14844051 2.6651955
T:16,19,27
MJ -9.386917 -0.11971009 2.6412535
T:16,19,27
MJ -9.355792 -0.10534488 2.5574563
T:16,19,27
MJ -9.408464 -0.12928689 2.6651955
T:16,19,28
MJ -9.34861 -0.1316811 2.5885808
T:16,19,28
MJ -9.418041 -0.12449849 2.5981576
T:16,19,28
MJ -9.3917055 -0.1388637 2.6268883
T:16,19,28
MJ -9.3677635 -0.11492168 2.5933692
T:16,19,28
MJ -9.398888 -0.12449849 2.5766098
T:16,19,28
MJ -9.365369 -0.1364695 2.6005518
T:16,19,28
MJ -9.384522 -0.15801731 2.672378
T:16,19,28
MJ -9.408464 -0.11971009 2.612523
T:16,19,28
MJ -9.42283 -0.1340753 2.6412535
T:16,19,28
MJ -9.406071 -0.095768064 2.6388593
T:16,19,28
MJ -9.401282 -0.14604631 2.6220999
T:16,19,28
MJ -9.372552 -0.1364695 2.6316767
T:16,19,28
MJ -9.396494 -0.11971009 2.590975
T:16,19,28
MJ -9.410859 -0.15083471 2.6077347
T:16,19,28
MJ -9.410859 -0.15801731 2.6005518
T:16,19,28
MJ -9.425224 -0.1412579 2.5933692
T:16,19,28
MJ -9.389311 -0.095768064 2.567033
T:16,19,28
MJ -9.37734 -0.14844051 2.6292825
T:16,19,28
MJ -9.386917 -0.17238252 2.6149173
T:16,19,28
MJ -9.384522 -0.1388637 2.6197057
T:16,19,28
MJ -9.343821 -0.17956513 2.6173115
T:16,19,28
MJ -9.341427 -0.093373865 2.6388593
T:16,19,28
MJ -9.362975 -0.16998832 2.612523
T:16,19,28
MJ -9.37734 -0.12689269 2.6460419
T:16,19,28
MJ -9.394099 -0.10055647 2.6173115
T:16,19,28
MJ -9.408464 -0.15083471 2.5981576
T:16,19,28
MJ -9.408464 -0.1604115 2.6412535
T:16,19,28
MJ -9.28636 -0.14604631 2.6891375
T:16,19,28
MJ -9.355792 -0.15562311 2.6316767
T:16,19,28
MJ -9.341427 -0.095768064 2.6771665
T:16,19,28
MJ -9.370157 -0.1316811 2.5885808
T:16,19,28
MJ -9.396494 -0.15083471 2.624494
T:16,19,28
MJ -9.372552 -0.12210429 2.6388593
T:16,19,28
MJ -9.37734 -0.16759412 2.5813982
T:16,19,28
MJ -9.362975 -0.1412579 2.660407
T:16,19,29
MJ -9.413253 -0.16280572 2.5622447
T:16,19,29
MJ -9.396494 -0.1340753 2.6077347
T:16,19,29
MJ -9.34861 -0.11252748 2.6268883
T:16,19,29
MJ -9.386917 -0.10534488 2.590975
T:16,19,29
MJ -9.401282 -0.12449849 2.6340709
T:16,19,29
MJ -9.365369 -0.1340753 2.6460419
T:16,19,29
MJ -9.394099 -0.1412579 2.5981576
T:16,19,29
MJ -9.398888 -0.1364695 2.567033
T:16,19,29
MJ -9.403676 -0.15801731 2.5981576
T:16,19,29
MJ -9.382129 -0.1388637 2.6053405
T:16,19,29
MJ -9.358187 -0.16280572 2.6220999
T:16,19,29
MJ -9.33185 -0.1436521 2.6747723
T:16,19,29
MJ -9.353398 -0.17956513 2.5885808
T:16,19,29
MJ -9.343821 -0.16519992 2.6149173
T:16,19,29
MJ -9.449166 -0.1316811 2.6340709
T:16,19,29
MJ -9.370157 -0.15083471 2.5742157
T:16,19,29
MJ -9.42283 -0.12689269 2.612523
T:16,19,29
MJ -9.418041 -0.1388637 2.6508303
T:16,19,29
MJ -9.413253 -0.15322891 2.602946
T:16,19,29
MJ -9.437195 -0.15801731 2.636465
T:16,19,29
MJ -9.427618 -0.11252748 2.5981576
T:16,19,29
MJ -9.394099 -0.1388637 2.6771665
T:16,19,29
MJ -9.370157 -0.12449849 2.6053405
T:16,19,29
MJ -9.401282 -0.15083471 2.6053405
T:16,19,29
MJ -9.370157 -0.12449849 2.6340709
T:16,19,29
MJ -9.394099 -0.1388637 2.579004
T:16,19,29
MJ -9.379734 -0.095768064 2.612523
T:16,19,29
MJ -9.37734 -0.1388637 2.6101289
T:16,19,29
MJ -9.389311 -0.1316811 2.5742157
T:16,19,29
MJ -9.406071 -0.10295067 2.6388593
T:16,19,29
MJ -9.3677635 -0.15083471 2.5957634
T:16,19,29
MJ -9.370157 -0.1340753 2.6149173
T:16,19,29
MJ -9.37734 -0.15562311 2.5718215
T:16,19,30
MJ -9.379734 -0.12689269 2.6220999
T:16,19,30
MJ -9.343821 -0.12449849 2.624494
T:16,19,30
MJ -9.365369 -0.19871874 2.602946
T:16,19,30
MJ -9.317485 -0.1340753 2.6388593
T:16,19,30
MJ -9.403676 -0.1340753 2.6149173
T:16,19,30
MJ -9.341427 -0.1364695 2.5813982
T:16,19,30
MJ -9.336638 -0.10055647 2.6005518
T:16,19,30
MJ -9.36058 -0.16998832 2.6220999
T:16,19,30
MJ -9.425224 -0.12210429 2.6005518
T:16,19,30
MJ -9.394099 -0.11971009 2.612523
T:16,19,30
MJ -9.408464 -0.1604115 2.6460419
T:16,19,30
MJ -9.295937 -0.11492168 2.672378
T:16,19,30
MJ -9.379734 -0.11971009 2.602946
T:16,19,31
MJ -9.355792 -0.15801731 2.5885808
T:16,19,31
MJ -9.374946 -0.14844051 2.6556187
T:16,19,31
MJ -9.365369 -0.17956513 2.6771665
T:16,19,31
MJ -9.420436 -0.11971009 2.6292825
T:16,19,31
MJ -9.37734 -0.110133275 2.6292825
T:16,19,31
MJ -9.370157 -0.07182605 2.6005518
T:16,19,31
MJ -9.362975 -0.20590134 2.543091
T:16,19,31
MJ -9.37734 -0.17717093 2.602946
T:16,19,31
MJ -9.406071 -0.08140286 2.6268883
T:16,19,31
MJ -9.372552 -0.16519992 2.6628013
T:16,19,31
MJ -9.382129 -0.12689269 2.6388593
T:16,19,32
MJ -9.394099 -0.16998832 2.6149173
T:16,19,32
MJ -9.410859 -0.1436521 2.6340709
T:16,19,32
MJ -9.346215 -0.09816227 2.5766098
T:16,19,32
MJ -9.413253 -0.15322891 2.5981576
T:16,19,32
MJ -9.396494 -0.08140286 2.5813982
T:16,19,32
MJ -9.384522 -0.19871874 2.6532245
T:16,19,32
MJ -9.370157 -0.12449849 2.6436477
T:16,19,32
MJ -9.379734 -0.12210429 2.5742157
T:16,19,32
MJ -9.389311 -0.16519992 2.6388593
T:16,19,33
MJ -9.389311 -0.10055647 2.6101289
T:16,19,33
MJ -9.3917055 -0.1340753 2.6268883
T:16,19,33
MJ -9.406071 -0.16519992 2.5742157
T:16,19,33
MJ -9.370157 -0.11252748 2.5718215
T:16,19,33
MJ -9.382129 -0.1436521 2.6628013
T:16,19,33
MJ -9.401282 -0.1412579 2.6053405
T:16,19,33
MJ -9.353398 -0.19393034 2.636465
T:16,19,33
MJ -9.3677635 -0.12210429 2.602946
T:16,19,33
MJ -9.401282 -0.17956513 2.624494
T:16,19,33
MJ -9.370157 -0.1316811 2.648436
T:16,19,34
MJ -9.362975 -0.090979666 2.648436
T:16,19,34
MJ -9.406071 -0.107739076 2.6556187
T:16,19,34
MJ -9.382129 -0.14844051 2.6149173
T:16,19,34
MJ -9.406071 -0.12928689 2.5766098
T:16,19,34
MJ -9.384522 -0.10295067 2.6340709
T:16,19,34
MJ -9.3677635 -0.15083471 2.5957634
T:16,19,34
MJ -9.384522 -0.11971009 2.5622447
T:16,19,34
MJ -9.413253 -0.16519992 2.624494
T:16,19,34
MJ -9.394099 -0.1436521 2.5885808
T:16,19,34
MJ -9.36058 -0.15801731 2.624494
T:16,19,35
MJ -9.34861 -0.15083471 2.612523
T:16,19,35
MJ -9.372552 -0.15322891 2.6268883
T:16,19,35
MJ -9.365369 -0.14604631 2.6651955
T:16,19,35
MJ -9.374946 -0.16759412 2.6173115
T:16,19,35
MJ -9.36058 -0.1604115 2.5933692
T:16,19,35
MJ -9.394099 -0.1388637 2.5933692
T:16,19,35
MJ -9.372552 -0.1388637 2.6077347
T:16,19,35
MJ -9.343821 -0.095768064 2.6197057
T:16,19,35
MJ -9.396494 -0.1604115 2.612523
T:16,19,35
MJ -9.379734 -0.16519992 2.7035027
T:16,19,36
MJ -9.341427 -0.12689269 2.636465
T:16,19,36
MJ -9.398888 -0.15801731 2.6220999
T:16,19,36
MJ -9.37734 -0.11971009 2.612523
T:16,19,36
MJ -9.386917 -0.10295067 2.555062
T:16,19,36
MJ -9.343821 -0.11252748 2.6173115
T:16,19,36
MJ -9.319879 -0.15083471 2.6220999
T:16,19,36
MJ -9.353398 -0.14604631 2.5861866
T:16,19,36
MJ -9.386917 -0.12210429 2.5981576
T:16,19,36
MJ -9.355792 -0.1340753 2.6197057
T:16,19,36
MJ -9.394099 -0.14844051 2.612523
T:16,19,37
MJ -9.384522 -0.1412579 2.612523
T:16,19,37
MJ -9.374946 -0.15562311 2.6268883
T:16,19,37
MJ -9.341427 -0.1364695 2.6292825
T:16,19,37
MJ -9.34861 -0.18435353 2.5837924
T:16,19,37
MJ -9.427618 -0.12210429 2.624494
T:16,19,37
MJ -9.386917 -0.16998832 2.5718215
T:16,19,37
MJ -9.398888 -0.062249243 2.5646389
T:16,19,37
MJ -9.341427 -0.09816227 2.6412535
T:16,19,37
MJ -9.365369 -0.17956513 2.6628013
T:16,19,37
MJ -9.3677635 -0.12449849 2.648436
T:16,19,38
MJ -9.339032 -0.1436521 2.5383027
T:16,19,39
MJ -9.372552 -0.1436521 2.6340709
T:16,19,39
MJ -9.406071 -0.15083471 2.5861866
T:16,19,40
MJ -9.45156 -0.15322891 2.6316767
T:16,19,40
MJ -9.370157 -0.12449849 2.6771665
T:16,19,40
MJ -9.37734 -0.11971009 2.612523
T:16,19,40
MJ -9.353398 -0.16759412 2.5742157
T:16,19,40
MJ -9.396494 -0.14604631 2.6556187
T:16,19,40
MJ -9.37734 -0.15562311 2.5933692
T:16,19,40
MJ -9.430013 -0.11731588 2.6508303
T:16,19,40
MJ -9.339032 -0.12928689 2.6268883
T:16,19,40
MJ -9.57127 -0.19632454 2.5837924
T:16,19,40
MJ -9.351004 -0.18914193 2.5957634
T:16,19,40
MJ -9.386917 -0.17238252 2.5861866
T:16,19,40
MJ -9.394099 -0.19393034 2.6388593
T:16,19,40
MJ -9.343821 -0.17238252 2.624494
T:16,19,40
MJ -9.372552 -0.10055647 2.612523
T:16,19,41
MJ -9.386917 -0.15322891 2.5598505
T:16,19,41
MJ -9.351004 -0.15322891 2.6101289
T:16,19,41
MJ -9.346215 -0.15801731 2.6220999
T:16,19,41
MJ -9.351004 -0.19632454 2.5646389
T:16,19,41
MJ -9.362975 -0.17477672 2.6819549
T:16,19,41
MJ -9.370157 -0.16519992 2.5861866
T:16,19,41
MJ -9.36058 -0.1316811 2.612523
T:16,19,42
MJ -9.358187 -0.16519992 2.6149173
T:16,19,42
MJ -9.384522 -0.16519992 2.6556187
T:16,19,42
MJ -9.355792 -0.11971009 2.602946
T:16,19,42
MJ -9.370157 -0.10295067 2.6412535
T:16,19,43
MJ -9.341427 -0.15083471 2.6436477
T:16,19,43
MJ -9.358187 -0.16759412 2.648436
T:16,19,43
MJ -9.398888 -0.079008654 2.6771665
T:16,19,43
MJ -9.341427 -0.090979666 2.6460419
T:16,19,44
MJ -9.353398 -0.12928689 2.612523
T:16,19,44
MJ -9.341427 -0.17477672 2.6149173
T:16,19,44
MJ -9.379734 -0.16519992 2.69632
T:16,19,44
MJ -9.396494 -0.11971009 2.648436
T:16,19,44
MJ -9.365369 -0.12928689 2.6580129
T:16,19,45
MJ -9.389311 -0.12449849 2.6101289
T:16,19,45
MJ -9.3917055 -0.16759412 2.6388593
T:16,19,45
MJ -9.379734 -0.15083471 2.5694273
T:16,19,45
MJ -9.406071 -0.12689269 2.612523
T:16,19,45
MJ -9.334244 -0.12689269 2.6340709
T:16,19,45
MJ -9.36058 -0.11492168 2.5837924
T:16,19,46
MJ -9.379734 -0.15083471 2.6173115
T:16,19,46
MJ -9.341427 -0.19632454 2.6077347
T:16,19,46
MJ -9.36058 -0.17477672 2.6316767
T:16,19,46
MJ -9.336638 -0.15562311 2.6077347
T:16,19,46
MJ -9.365369 -0.17238252 2.5933692
T:16,19,47
MJ -9.346215 -0.11492168 2.6412535
T:16,19,47
MJ -9.394099 -0.1364695 2.612523
T:16,19,47
MJ -9.384522 -0.16280572 2.6053405
T:16,19,47
MJ -9.370157 -0.17238252 2.6005518
T:16,19,47
MJ -9.36058 -0.15562311 2.555062
T:16,19,47
MJ -9.379734 -0.11731588 2.6197057
T:16,19,48
MJ -9.382129 -0.1412579 2.7130795
T:16,19,48
MJ -9.358187 -0.1388637 2.624494
T:16,19,48
MJ -9.384522 -0.15322891 2.648436
T:16,19,48
MJ -9.351004 -0.15562311 2.5766098
T:16,19,49
MJ -9.374946 -0.1316811 2.6388593
T:16,19,49
MJ -9.370157 -0.12928689 2.624494
T:16,19,49
MJ -9.351004 -0.12210429 2.612523
T:16,19,49
MJ -9.343821 -0.090979666 2.6436477
T:16,19,49
MJ -9.343821 -0.1364695 2.6101289
T:16,19,50
MJ -9.370157 -0.1436521 2.6340709
T:16,19,50
MJ -9.3917055 -0.15322891 2.602946
T:16,19,50
MJ -9.389311 -0.16759412 2.5766098
T:16,19,50
MJ -9.34861 -0.15562311 2.624494
T:16,19,50
MJ -9.370157 -0.12928689 2.6077347
T:16,19,50
MJ -9.372552 -0.15562311 2.6149173
T:16,19,51
MJ -9.351004 -0.1340753 2.6220999
T:16,19,51
MJ -9.36058 -0.17238252 2.6005518
T:16,19,51
MJ -9.3917055 -0.10055647 2.624494
T:16,19,51
MJ -9.37734 -0.15083471 2.602946
T:16,19,51
MJ -9.42283 -0.1436521 2.5718215
T:16,19,51
MJ -9.3677635 -0.14844051 2.612523
T:16,19,51
MJ -9.353398 -0.15562311 2.624494
T:16,19,51
MJ -9.3917055 -0.11492168 2.6340709
T:16,19,52
MJ -9.34861 -0.12928689 2.6220999
T:16,19,52
MJ -9.374946 -0.12449849 2.5981576
T:16,19,52
MJ -9.34861 -0.093373865 2.6053405
T:16,19,52
MJ -9.36058 -0.16519992 2.6005518
T:16,19,52
MJ -9.379734 -0.12449849 2.612523
T:16,19,52
MJ -9.358187 -0.15322891 2.6173115
T:16,19,53
MJ -9.339032 -0.1412579 2.5837924
T:16,19,53
MJ -9.3677635 -0.15083471 2.624494
T:16,19,53
MJ -9.401282 -0.11731588 2.6220999
T:16,19,53
MJ -9.36058 -0.10055647 2.6077347
T:16,19,53
MJ -9.339032 -0.12210429 2.5981576
T:16,19,53
MJ -9.382129 -0.10534488 2.6436477
T:16,19,54
MJ -9.365369 -0.12210429 2.6220999
T:16,19,54
MJ -9.403676 -0.15083471 2.6460419
T:16,19,54
MJ -9.372552 -0.17477672 2.6316767
T:16,19,55
MJ -9.398888 -0.12689269 2.624494
T:16,19,57
MJ -9.319879 -0.110133275 2.6580129
T:16,19,57
MJ -9.379734 -0.15562311 2.660407
T:16,19,59
MJ -9.401282 -0.1316811 2.636465
T:16,20,03
MJ -9.410859 -0.095768064 2.5885808
T:16,20,07
MJ -9.384522 -0.14604631 2.6197057
T:16,20,08
MJ -9.394099 -0.17238252 2.6532245
T:16,20,08
MJ -9.408464 -0.11731588 2.6077347
T:16,20,11
MJ -9.3917055 -0.1388637 2.579004
T:16,20,12
MJ -9.427618 -0.15083471 2.6651955
T:16,20,14
MJ -9.37734 -0.15801731 2.5694273
T:16,20,14
MJ -9.389311 -0.110133275 2.579004
T:16,20,15
MJ -9.386917 -0.16519992 2.5861866
