T:18,48,54
Label:Other
Ax:-1.7202339,-1.8974048,-1.899799,-1.602918,-1.9524715,-1.9476831,-1.8495208,-2.1200657,-2.9005754,-3.4392707,-3.6595373,-2.184709;
Ay:9.342624,9.457545,9.32347,9.555708,9.464728,9.36896,9.673024,9.555708,9.0337715,9.194183,8.600421,8.406491;
Az:2.3503578,2.2833202,2.1324856,2.1564276,2.0127754,2.1516392,1.9505262,1.6297032,1.7901146,1.7996914,2.3312042,3.4109893;
Gx:-2.888754,-2.4290674,0.20066403,0.10175357,0.37065235,-0.05955577,-0.048931498,0.066738375,-0.12719196,-0.64209497,-0.8869021,-0.5786486,1.2312182;
Gy:2.472612,2.295441,0.13108255,-0.024839843,0.19677345,0.09008184,-0.0035913025,0.31244332,0.23493104,-0.21428105,-0.004638766,-0.5280711,-0.459986;
Gz:-4.5423994,-4.4322658,0.09636662,-0.05192425,-0.007930793,-0.15592238,-0.02064999,-0.25737667,-0.67666125,-0.56413376,-0.44427404,0.5009867,0.9850644;
Y:-132.4761,-129.43904,-127.57225,-131.62154,-125.494606,-127.57131,-125.66963,-117.601776,-114.703926,-111.64581,-116.026855,-133.31615;
P:-72.68479,-72.57258,-72.96894,-74.29484,-73.49667,-72.78846,-74.470184,-74.36632,-69.32819,-67.111046,-63.228714,-64.27297;
R:36.20051,39.726074,41.697357,36.6242,44.128708,42.151676,43.477436,52.45037,58.31884,62.377968,57.501984,32.63921,
T:18,48,55
Label:Other
Ax:-2.847903,-2.5270798,-2.2254105,-2.0123265,-2.36188,-0.88944596,-3.120842,-4.035427,-3.6739025,-4.435259,-5.6563015,-5.3378725,-7.1502833;
Ay:8.507048,7.525425,9.285163,8.746468,9.244462,9.732879,11.229255,8.954763,8.84463,8.044967,8.444798,8.286781,8.265233;
Az:3.4349313,2.1157262,4.1507974,3.5139399,1.5818192,3.0949545,1.9241899,1.3591584,2.4628854,2.3910594,1.9265841,1.8092684,0.5451298;
Gx:0.4091092,0.5526117,0.51205987,0.6461352,-0.06239888,-0.9530419,-1.553388,0.09816227,0.4091092,-0.2653075,0.22729953;
Gy:-0.22146365,-1.1694179,0.56173956,-0.29299045,0.11447277,1.9958664,-0.13931261,0.12030864,-0.17687166,0.58672905,0.41599256;
Gz:0.37304655,-1.2134113,0.60438627,0.7956231,-1.1611878,-0.5684733,-1.3438953,0.04878186,0.13227965,-0.38815996,0.0068833297;
Y:-125.11047,-111.2519,-126.204994,-119.8619,-87.57622,-119.78751,-75.026596,-61.275745,-72.98799,-66.14692,-53.665188,-49.907524,-36.860023;
P:-62.3228,-66.34861,-63.104424,-65.157295,-72.90749,-71.69266,-71.91813,-64.56799,-63.43115,-57.940296,-54.717377,-55.778847,-49.05463;
R:39.662144,50.063198,28.19756,29.798452,56.18864,16.0339,58.34363,71.38614,56.163162,61.67078,71.19072,71.27595,85.64027,
T:18,48,56
Label:Other
Ax:-5.627571,-7.1431007,-7.231686,-7.121553,-7.667431,-8.15106,-8.294712,-8.589199,-8.763975,-9.42238,-9.5253315,-9.197326,-8.874108;
Ay:7.171083,6.9029326,6.7760396,6.5126777,5.2174144,5.006725,4.2238207,3.6061168,2.9237692,2.7513866,1.7889175,2.7154737,2.207903;
Az:1.1819874,0.29373863,0.6744167,1.2226889,1.9888334,1.4070424,1.5866076,0.7223007,2.067842,1.18917,1.3831004,1.3256396,2.1109376;
Gx:0.6868366,-0.6441899,-0.41868603,0.022296004,-0.16564883,-0.23807344,-4.4891282E-4,0.24016836,-0.07227496,-0.11776479,0.19722237,0.4492121;
Gy:-0.28790274,-0.39803603,-0.23971945,-0.14050971,-1.009156,-0.6473323,-0.90904844,-0.77602065,-0.0199018,-0.6537667,0.33234513,-0.25528175;
Gz:0.3672107,-0.4997896,-0.055066638,0.2896984,0.9283517,0.14694414,-0.69820905,0.88166475,0.15682021,0.07796119,-0.16879122,0.32770637;
Y:-45.330574,-41.902798,-49.028137,-56.76699,-64.629974,-65.732864,-71.133316,-73.4531,-81.915596,-85.88174,-94.17363,-101.68089,-111.16456;
P:-51.274506,-43.996235,-43.013172,-42.028812,-33.37158,-31.186108,-26.57197,-22.7028,-17.988432,-16.15669,-10.528704,-16.289747,-13.606679;
R:78.13829,87.6452,84.67209,80.25795,75.45867,80.20608,79.171295,85.19307,76.72398,82.80691,81.73826,81.79826,76.61939,
T:18,48,57
Label:Other
Ax:-10.564415,-10.255563,-9.508572,-9.721656,-9.652225,-9.654618,-9.645041,-9.640253,-9.671378,-9.640253,-9.654618,-9.707291,-9.673772;
Ay:-3.0617352,-0.95483756,0.36436757,-0.037858315,0.062698156,-0.042646717,-0.04743512,-0.0043394906,-0.0043394906,4.4891282E-4,0.007631518,0.012419921,-0.0043394906;
Az:-1.3917794,0.9760861,1.3974656,1.4333786,1.4501381,1.5004163,1.4357728,1.4645033,1.4740801,1.4836569,1.4238018,1.5123873,1.4956279;
Gx:-0.52732295,0.19363107,-0.029777884,0.041748893,0.03935469,0.04878186,0.022296004,0.053420626,0.038905777,-0.013766659,0.019602526;
Gy:-0.5835867,0.5292682,0.02813187,0.14155717,0.03127426,0.024241293,0.06284779,0.06494272,0.069132574,0.07107786,0.05117606;
Gz:-0.20515315,-0.021098902,-0.06180033,-0.03067571,0.019303251,-0.046537295,-0.008678981,4.4891282E-4,-0.060902506,0.02813187,0.010025719;
Y:-125.144325,-127.86514,-132.32253,-137.10104,-140.02985,-142.276,-143.58742,-143.34839,-142.40218,-141.87737,-142.33281,-142.65535,-143.095;
P:16.031109,5.295359,-2.171194,0.22073515,-0.36804184,0.2500853,0.27871203,0.02549873,0.025414767,-0.0026370164,-0.044804983,-0.0724328,0.025400136;
R:97.50506,84.56318,81.639145,81.61263,81.45586,81.166374,81.53305,81.36193,81.333855,81.250694,81.61085,81.14456,81.21128,
T:18,48,58
Label:Other
Ax:-9.64983,-9.676167,-9.640253,-9.640253,-9.633071,-9.66659,-9.647436,-9.66659,-9.680955,-9.661801,-9.709685,-9.635465,-9.685743;
Ay:0.014814123,0.0052373162,-0.021098902,0.04833295,0.02439093,-0.033069912,-0.0163105,-0.018704701,-0.0043394906,0.007631518,0.02439093,0.036361936,-0.0067336923;
Az:1.4429555,1.4788685,1.4812627,1.4716859,1.4812627,1.4621091,1.4788685,1.4429555,1.3926772,1.4764743,1.5028105,1.5339351,1.4597149;
Gx:0.043394905,0.052971713,0.052822076,0.059855044,0.02633622,0.045489833,0.026186582,0.03127426,-0.016609775,0.05746084,0.0068833297;
Gy:0.06808511,0.026934769,0.09442133,0.06628946,0.005686229,0.020799628,0.017058687,0.03995324,0.054767363,0.06434417,0.01810615;
Gz:-0.043394905,-0.0055365916,-0.016609775,-0.0074818805,-0.027234044,-0.010175358,-0.04683657,-0.011671733,0.014215573,0.04444237,-0.032022446;
Y:-143.38126,-143.33894,-143.40057,-143.40276,-143.49393,-143.6399,-143.61153,-143.84415,-143.97386,-143.69434,-143.33397,-142.66869,-142.53448;
P:-0.086991474,-0.0306559,0.123944215,-0.28396928,-0.1433873,0.19380675,0.09574896,0.109651394,0.02542115,-0.04473657,-0.14223434,-0.21353066,0.03938819;
R:81.495476,81.31038,81.2646,81.32021,81.25819,81.39899,81.28489,81.51001,81.81374,81.31152,81.20189,80.9546,81.42959,
