T:20,30,05
Label:Read
Ax:1.777994,1.8522143,2.0126257,1.7636288,1.658284,1.7325042,1.7755998,1.766023,1.73011,1.7013795,1.7013795,1.7875708,1.6032174;
Ay:-1.0546459,-1.0809821,-1.1264719,-1.1384429,-1.021127,-1.0594343,-1.0809821,-1.0929531,-1.1360487,-1.0785879,-1.1025299,-1.1168951,-1.0378864;
Az:9.589975,9.570822,9.357738,9.64983,9.716867,9.657013,9.561244,9.53012,9.601946,9.621099,9.53012,9.578004,9.707291;
Gx:-0.026785132,0.219668,-0.047884032,-0.095768064,0.030226797,0.06703765,0.049829323,0.0047884034,0.021697452,0.10579379,-0.078410104;
Gy:-0.08783727,-0.16295536,-0.17447744,-0.062698156,-0.11133038,-0.13422494,-0.13482349,-0.09561843,-0.12659341,-0.14529811,-0.06823475;
Gz:-4.4891282E-4,-0.23523031,0.060303956,0.11611878,0.045938745,-0.04878186,-0.07751228,0.012569559,-0.08215105,-0.034267012,0.0947206;
Y:119.17904,118.89981,119.235596,117.55025,115.587906,114.89503,115.11507,115.9385,116.51334,116.27525,116.38184,116.61375,115.825226;
P:6.1714754,6.327572,6.7121186,6.619742,5.914197,6.1630464,6.342856,6.433739,6.6415763,6.299585,6.497324,6.539335,6.0218163;
R:-10.503449,-10.952892,-12.138048,-10.357222,-9.6848135,-10.170879,-10.520437,-10.49837,-10.214145,-10.028415,-10.122181,-10.571654,-9.378086,
T:20,30,06
Label:Read
Ax:1.8593969,1.7516578,1.7205333,1.598429,1.598429,1.766023,1.9384055,1.7157447,1.7947534,1.7612346,1.766023,1.7923592,1.7732056;
Ay:-1.0474633,-1.2366052,-1.1480197,-1.009156,-1.0785879,-1.1456255,-1.234211,-1.2006922,-1.1312603,-1.198298,-1.1719618,-1.1719618,-1.1049241;
Az:9.48463,9.561244,9.642648,9.645041,9.657013,9.546879,9.4774475,9.515755,9.580399,9.580399,9.54209,9.592369,9.515755;
Gx:0.18719664,0.04833295,-0.05641338,-0.031423897,0.11088146,0.2287959,-0.034117375,0.065092355,0.044592008,0.06688801,0.040402155;
Gy:-0.0839467,-0.2717419,-0.014514848,-0.084096335,-0.12524667,-0.2057517,-0.15592238,-0.08544307,-0.116418056,-0.11671733,-0.05192425;
Gz:-0.13018471,-0.047884032,0.030376434,0.03815759,-0.06494272,-0.124049574,-0.07676409,-0.015562311,-0.05431845,-0.0034416649,-0.07885902;
Y:116.36667,116.45746,115.950165,115.2385,115.47918,116.13877,116.66493,115.859764,115.64461,115.521706,115.21134,115.15855,115.103424;
P:6.1852922,7.2501006,6.684874,5.893292,6.288075,6.729673,7.2707934,7.0785837,6.620226,7.0130987,6.886219,6.848304,6.5121408;
R:-11.091778,-10.381686,-10.116795,-9.409845,-9.398388,-10.4803505,-11.559182,-10.220938,-10.610577,-10.416792,-10.485494,-10.583818,-10.555668,
T:20,30,07
Label:Read
Ax:1.7803882,1.7923592,1.7325042,1.7708114,1.7875708,1.7277158,1.7875708,1.7755998,1.4811131,1.4906899,0.23133974,-0.2427122,0.90650463;
Ay:-1.2509704,-1.0546459,-1.0809821,-1.1887212,-1.0666169,-1.0546459,-0.9660604,-0.89423436,-1.0474633,-0.82240826,-1.5478514,-0.1400608,1.2773066;
Az:9.5971575,9.53012,9.563639,9.637859,9.520543,9.616311,9.582792,9.673772,9.781511,9.357738,10.109517,10.19092,9.999383;
Gx:0.037110128,0.050128598,-0.005087679,0.043544542,-0.022894554,0.037409402,0.018255789,-0.2582745,-0.24121583,-1.794903,-0.39459437;
Gy:-0.2009633,-0.0025438394,-0.06628946,-0.06658874,-0.080505036,-0.027682956,-0.008828619,-0.22595279,-0.13362639,-0.67112464,-0.042347442;
Gz:0.004040215,-0.06299743,-0.034267012,-0.077811554,0.016609775,-0.02064999,0.06658874,0.1654992,-0.27009588,0.52253455,0.3696049;
Y:115.43469,114.39882,113.81104,114.0649,113.97848,113.73035,113.06497,112.31371,112.77751,113.145004,112.59901,108.180016,104.766205;
P:7.303291,6.2069635,6.346364,6.916648,6.2834773,6.160895,5.6596746,5.1950603,6.043909,4.9603305,8.702619,0.7871824,-7.2500434;
R:-10.509583,-10.651373,-10.26808,-10.411118,-10.634008,-10.185389,-10.566492,-10.400747,-8.610299,-9.051181,-1.3108913,1.3643278,-5.1800494,
T:20,30,24
Label:Read
Ax:-9.302371,-9.295189,-9.460389,-9.395745,-9.438841,-9.457994,-9.479543,-9.510667,-9.575311,-9.580099,-9.467571,-9.450812,-9.508273;
Ay:-1.7250223,-1.8590976,-1.9764135,-2.1416135,-2.0841527,-2.2134395,-2.280477,-2.2349873,-2.148796,-2.0338743,-1.9333179,-1.8902222,-1.9141643;
Az:-1.2533646,-1.3922282,-1.5646108,-1.6077064,-1.5358804,-1.5406688,-1.4544775,-1.2725182,-1.3156139,-1.4041992,-1.4401124,-1.4760253,-1.5023615;
Gx:-2.992752E-4,-0.049829323,-0.18614918,-0.048482586,-0.017806875,0.020201078,0.0032920274,-0.05955577,-0.07631518,0.014664485,0.0023942017;
Gy:1.0778397,1.1314099,0.94556004,0.561141,0.36017773,-0.19123685,-0.24944589,-0.19916765,-0.040102877,0.16130935,0.33563715;
Gz:0.08424597,-0.06868366,-0.29029694,-0.38441902,-0.33563715,-0.2045546,0.036661215,0.03441665,-0.034865562,-0.07212532,-0.11447277;
Y:96.74338,98.44888,99.78534,101.2617,102.34909,103.61276,104.88604,105.90144,105.99121,105.7179,105.592804,105.50475,105.38164;
P:10.413525,11.188681,11.646408,12.662338,12.294767,13.006294,13.375708,13.111686,12.534223,11.862936,11.413582,11.178245,11.246494;
R:97.67359,98.51841,99.390884,99.70985,99.24213,99.25198,98.72305,97.620865,97.82325,98.33873,98.648964,98.87673,98.978836,
T:20,30,25
Label:Read
Ax:-9.462783,-9.412505,-9.407717,-9.434052,-9.505878,-9.393352,-9.479543,-9.441236,-9.422082,-9.484331,-9.441236,-9.443629,-9.460389;
Ay:-1.9716251,-2.019509,-2.146402,-2.2158337,-2.2421699,-2.268506,-2.1559787,-2.0626047,-1.9859903,-1.9452889,-2.0817583,-2.1583729,-2.2014685;
Az:-1.435324,-1.389834,-1.270124,-1.282095,-1.3491327,-1.353921,-1.3730747,-1.4185646,-1.3347675,-1.401805,-1.3227965,-1.3874398,-1.4544775;
Gx:-0.044143096,0.009277532,0.01810615,1.496376E-4,-0.056712653,0.0700304,0.02558803,0.030376434,-0.044741645,-0.006135142,-0.0034416649,-0.011222821;
Gy:0.41285014,0.3585317,0.2160767,0.108936176,0.022146367,-0.058508303,0.14065935,0.27398646,0.36421794,0.2379238,0.13347675,0.051026423;
Gz:-0.10250176,-0.06808511,0.05117606,0.045489833,-0.022894554,-0.03755904,-0.11552023,-0.024839843,-0.08559271,0.008230069,-0.044891283,-0.1086369;
Y:105.51853,105.75381,106.312164,106.484535,106.50497,106.65103,106.41399,106.18965,106.233215,106.11232,106.60288,106.56627,106.50602;
P:11.640072,11.983442,12.740468,13.101601,13.144797,13.443229,12.68507,12.190967,11.7882395,11.46968,12.317952,12.741769,12.95284;
R:98.62493,98.399506,97.688934,97.73913,98.07782,98.201904,98.24175,98.54488,98.06308,98.40758,97.9757,98.35799,98.74044,
T:20,30,26
Label:Read
Ax:-9.467571,-9.479543,-9.51785,-9.429264,-9.484331,-9.393352,-9.431659,-9.161114,-9.21618,-9.359832,-8.792406,-8.931271,-7.7940245;
Ay:-2.184709,-2.2254105,-2.134431,-2.1057005,-2.055422,-1.9907787,-2.3403323,-2.2900538,-2.2373815,-2.2709002,-2.8886044,-3.776853,-4.691438;
Az:-1.389834,-1.3515269,-1.2916719,-1.2413936,-1.2988545,-1.282095,-1.3132197,-1.3251907,-1.4041992,-1.4425066,-1.3395559,-1.7537527,-1.198298;
Gx:-0.014963761,-0.049829323,0.044292733,-0.0052373162,0.09606735,0.072574235,0.29568392,0.16205753,0.7484873,0.59974754,1.6478093;
Gy:-0.035763387,0.03875614,0.040102877,0.06314707,0.08424597,-0.3362357,-0.30406362,-0.44621935,-1.2636896,-2.2917,-3.0386908;
Gz:-0.010324995,0.05267244,0.1074398,0.053869538,0.06628946,0.037708677,-0.0043394906,0.03321955,0.24286184,0.01436521,0.87358433;
Y:106.80145,107.24652,107.45668,107.72356,107.671486,107.88985,109.12003,109.814964,110.2103,110.84954,113.00906,114.23555,118.650566;
P:12.860773,13.083789,12.528607,12.484177,12.118194,11.859116,13.807641,13.895979,13.495569,13.484403,17.993082,22.536276,30.749987;
R:98.35133,98.11415,97.728424,97.500046,97.798004,97.772255,97.926636,98.230965,98.66309,98.76131,98.662605,101.109314,98.74054,
T:20,30,27
Label:Read
Ax:-6.5514336,-6.070199,-5.5027733,-4.1404724,-7.468413,-10.796353,-11.378144,-16.291046,-19.529802,-8.339902,-9.422082,-7.813178,-9.302371;
Ay:-4.1335893,-4.507085,-2.3068132,-2.943671,-2.3882163,-3.6116533,-2.0745757,-0.6428431,-13.755886,-3.9636009,-3.3602622,-3.7672763,-2.2828712;
Az:-1.2557588,-0.93972415,-0.61650693,0.7577648,0.89423436,0.39145198,1.8375498,-1.9931729,2.124854,6.147113,0.88944596,4.423288,1.7657237;
Gx:2.7038019,3.2155626,4.3258734,0.7326257,-2.7241526,-3.3149219,-8.12218,0.4189853,-1.453879,0.6521207,-0.7233482;
Gy:-1.8402433,1.7295115,1.8038813,2.8889036,1.9385552,3.4777277,4.18686,-2.1758804,0.56682724,0.12808979,1.5547347;
Gz:1.0365397,1.3510779,2.1555297,1.9277812,0.8464999,1.2639889,-4.4662337,2.1151276,-3.2647934,1.3678373,-1.0348936;
Y:120.193146,125.433174,129.5698,148.84544,147.96901,149.53784,156.53154,140.28326,161.30864,-172.08144,157.04889,175.39833,155.0674;
P:31.784992,36.269474,22.616743,34.966446,17.615044,18.485071,10.203844,2.2430055,35.000526,20.935186,19.547834,22.762651,13.555446;
R:100.85067,98.80007,96.39251,79.62884,83.172165,87.923485,80.82605,96.97534,83.79061,53.60709,84.607254,60.484425,79.2523,
T:20,30,28
Label:Read
Ax:-8.782829,-8.778041,-8.756494,-8.57214,-8.761282,-8.689456,-8.7971945,-9.36462,-8.564958,-7.6551604,-7.0733695,-6.9752073,-7.6096706;
Ay:-2.8670566,-4.655525,-4.9188876,-3.7816415,-3.594894,-4.1718965,-4.1264067,-4.9883194,-4.519056,-9.242816,-8.378509,-7.049727,-5.354632;
Az:1.389834,2.0769699,1.5646108,2.1703439,2.0482395,2.1511903,2.469619,2.9652188,2.8431146,3.015497,1.2797008,0.61411273,0.58777654;
Gx:0.058957215,0.1038485,0.21098903,0.027234044,0.06254852,-0.16519992,-0.8655039,-0.15786767,1.2900258,1.0764929,-0.041449618;
Gy:0.63206923,-1.1754034,0.020799628,0.2391209,-0.30541036,-0.085891984,-0.73816234,-0.11522096,-3.9378633,-2.0944777,0.26680386;
Gz:-1.0079589,-0.19707273,0.03232172,-0.009427169,8.9782564E-4,0.1599626,0.54168814,0.37319618,-1.2711715,-1.991078,-2.1130326;
Y:153.66768,159.64531,159.26369,164.21593,165.66904,169.0492,172.32787,175.30415,176.76602,-179.92215,170.73349,166.03014,165.11966;
P:17.870712,27.298716,28.941875,23.154488,21.778824,24.987463,24.304022,26.922712,26.599577,48.32548,49.37262,45.193832,35.052414;
R:81.00783,76.68807,79.86929,75.79209,76.84154,76.09523,74.319084,72.4301,71.63655,68.49968,79.74508,84.96852,85.5832,
T:20,30,29
Label:Read
Ax:-6.958448,-8.299201,-8.921694,-8.576928,-6.994361,-6.800431,-11.382933,-6.424541,-7.3702507,-7.1212535,-7.4732013,-7.4971433,-7.4732013;
Ay:-2.3570917,-4.272453,-5.5246205,-5.1343656,-6.716933,-9.216479,-9.939528,-6.2404866,-5.519832,-5.309142,-5.1702785,-4.921282,-4.9045224;
Az:0.6500258,2.2373815,4.4783545,5.2037973,2.2421699,-0.61890113,8.368932,5.2564697,3.752911,4.1838675,3.66672,3.846285,3.807978;
Gx:0.09561843,-1.5646108,-2.2996306,-0.015711948,0.47225627,-3.9178119,0.9081506,-0.33892918,-0.024241293,-0.22565351,-0.12584522;
Gy:4.0046015,2.5890298,1.5861586,-0.90051913,-4.1099467,-4.950012,-1.3055881,-0.34311903,0.06284779,0.30017304,0.2439093;
Gz:-1.7874212,0.30391398,3.152565,-1.4508862,-4.7665563,4.4258313,1.0079589,-0.7118261,0.067336924,-0.15771803,-0.15218145;
Y:165.68614,-177.96062,-158.08633,-144.20433,-155.96371,-178.54027,-129.3383,-128.48334,-140.11113,-138.60577,-144.74821,-145.00244,-146.28911;
P:18.637695,26.429993,28.961243,27.10306,42.442783,53.465073,35.12703,36.935223,33.7189,32.733044,31.844767,30.286821,30.316744;
R:84.663185,74.91232,63.345074,58.753956,72.2258,95.20011,53.67602,50.710445,63.014935,59.56498,63.865158,62.840664,62.99883,
T:20,30,30
Label:Read
Ax:-7.3558855,-7.300819,-7.252935,-7.279271,-7.276877,-7.288848,-7.2960305,-7.2481465,-7.19308,-7.205051,-7.1787148,-7.1858974,-7.1858974;
Ay:-5.261258,-5.2037973,-5.2085857,-5.273229,-5.3857565,-5.2852,-5.2852,-5.333084,-5.357026,-5.407305,-5.4767365,-5.4504004,-5.531803;
Az:4.045004,4.009091,3.8965633,3.807978,3.843891,3.8750155,3.8367083,3.8845923,3.8893807,3.8151605,3.7936125,3.810372,3.7241807;
Gx:0.0017956513,-0.00808043,-0.00808043,-0.054019175,-0.081702136,-0.098461546,-0.06344634,-0.030526072,-0.059705406,-0.037409402,-0.07377134;
Gy:-0.11312603,0.026036944,0.08259996,0.046686932,0.07826047,0.08933365,0.07182605,0.08619126,0.07212532,0.029478608,0.034117375;
Gz:0.1038485,0.054917,-0.06419453,-0.14993688,-0.057161566,-0.09801263,-0.03172317,-0.014664485,-0.06943185,-0.06060323,-0.09831191;
Y:-145.40877,-145.28946,-145.67896,-146.16306,-145.83133,-145.15341,-145.1534,-144.6394,-144.36446,-144.8208,-144.80972,-144.39131,-144.8585;
P:32.076817,31.99587,32.31824,32.696068,33.20182,32.629463,32.665928,32.964165,33.229294,33.554123,34.00048,33.826283,34.35172;
R:61.193592,61.227535,61.75355,62.384754,62.15548,62.00327,62.261806,61.81123,61.599407,62.09825,62.145657,62.06492,62.603992,
T:20,30,31
Label:Read
Ax:-7.164349,-7.1547723,-7.1763206,-7.181109,-7.126042,-7.1116767,-7.126042,-7.1978683,-7.2098393,-7.2481465,-7.1595607,-7.1332245,-7.2218103;
Ay:-5.567716,-5.5222263,-5.517438,-5.4791307,-5.5270147,-5.5940523,-5.7017913,-5.5485625,-5.5509567,-5.424064,-5.529409,-5.517438,-5.4887075;
Az:3.714604,3.7361517,3.6164417,3.7193923,3.7600937,3.7792473,3.7600937,3.764882,3.7481227,3.7600937,3.810372,3.7696705,3.738546;
Gx:-0.058807578,-0.052373163,-0.07586627,-0.080056116,-0.017357962,-0.025139118,-0.0923264,-0.088136554,-0.11791443,-0.029927522,-0.020051438;
Gy:0.018405426,0.074818805,0.0863409,0.12659341,0.068534024,-0.09591771,0.06359598,0.039504327,0.15248072,0.043544542,0.07167641;
Gz:-0.09053075,-0.05865794,-0.17223288,-0.065242,-0.025139118,-0.024540568,-0.0016460137,-0.020201078,-0.012868834,0.031124622,-0.016609775;
Y:-144.62512,-144.11537,-144.93227,-144.31853,-144.14458,-144.07611,-144.31587,-144.01031,-144.08774,-143.7723,-143.30704,-143.4683,-143.88597;
P:34.602604,34.378414,34.472916,34.11802,34.44898,34.784325,35.28561,34.335636,34.337734,33.595024,34.284973,34.36679,34.017082;
R:62.593964,62.426876,63.254593,62.6185,62.181393,62.01318,62.181393,62.38795,62.53178,62.581238,61.977757,62.14505,62.63056,
T:20,30,32
Label:Read
Ax:-7.315184,-7.4396825,-7.3343377,-7.315184,-7.240964,-7.3223667,-8.19625,-8.660726,-7.1092825,-4.7150807,-6.402993,-13.286323,-7.6455836;
Ay:-5.400122,-5.2899885,-5.412093,-5.3857565,-5.4504004,-5.366603,-6.5206084,-1.9117701,-4.818331,-5.153519,-7.4256167,-10.514136,-6.0345855;
Az:3.630807,3.6595373,3.6762967,3.716998,3.738546,3.8151605,3.6978445,5.555745,1.4544775,2.124854,7.3418193,3.834314,1.8854338;
Gx:-0.1882441,-0.2873042,-0.14320318,-0.09651626,-0.0019452889,-0.08035539,-1.4083891,0.12913725,2.2589293,0.39968204,-5.951237,0.117615156;
Gy:0.175076,0.25842413,0.092775315,0.07766192,-0.028431145,0.028281508,3.4207156,0.12719196,0.6322189,-1.254861,-4.461894,-0.729633;
Gz:-0.15008652,-0.11267712,-0.08619126,-0.05312135,-0.052373163,-0.008379706,1.6647184,-2.9408278,-1.6249148,3.904045,1.4389153,-0.90066874;
Y:-144.86945,-144.89696,-144.77094,-144.25452,-144.05568,-143.68983,-148.20639,-125.473045,-161.46611,-149.98305,-124.69311,-152.83441,-152.35027;
P:33.474205,32.53942,33.412014,33.279705,33.77589,33.022747,35.94858,10.525396,33.58409,44.898834,37.316498,37.246525,37.464115;
R:63.603027,63.80769,63.377934,63.063923,62.69247,62.47921,65.71687,57.320347,78.4375,65.741264,41.092537,73.902336,76.14702,
T:20,30,33
Label:Read
Ax:-8.706215,-8.732552,-8.859444,-8.7732525,-8.90254,-8.933664,-8.859444,-8.950424,-8.548198,-8.631995,-8.813954,-8.596082,-8.718186;
Ay:-3.6834793,-3.822343,-3.6260185,-3.3411086,-3.7241807,-2.6970682,-2.6970682,-2.2349873,-4.0019083,-3.6020765,-3.0992942,-2.3187842,-2.5773582;
Az:3.003526,2.4768016,2.3642743,2.5965118,2.8095956,2.7712884,3.3243492,2.9221232,3.8295257,3.4584243,3.2716765,3.891775,3.3961751;
Gx:-0.3103484,-0.24944589,-0.049530048,-0.09187749,-0.09202713,0.051325697,0.34671032,0.13213001,-0.08903438,0.13587095,-0.032621;
Gy:0.5140052,0.31812954,0.28431144,-0.406715,0.44262803,0.1782184,-1.2258313,-0.60693014,-0.057311203,0.6795044,0.45085812;
Gz:-0.059855044,-0.18210897,-0.0350152,0.06404489,-0.0815525,0.40821138,0.7722797,0.23493104,-0.013617022,0.58508307,-0.0043394906;
Y:-134.62093,-137.4981,-137.59407,-136.1773,-137.80534,-136.85912,-136.23276,-139.17639,-140.3881,-142.88861,-144.07326,-139.80649,-144.03583;
P:21.799168,22.83605,21.57602,20.060764,21.748665,16.084627,15.908803,13.3535385,23.1343,21.174387,18.245157,13.806153,15.401124;
R:70.96626,74.165146,75.05798,73.51347,72.48457,72.765724,69.43229,71.91924,65.868,68.166405,69.63544,65.641914,68.71657,
T:20,30,34
Label:Read
Ax:-9.036615,-8.682273,-8.52665,-8.33272,-8.40694,-8.742128,-8.706215,-11.303924,-12.055703,-14.500183,-13.583204,-10.185832,-6.829161;
Ay:-2.2948422,-3.1878796,-3.0490158,-3.6116533,-2.8981812,-2.9149406,-3.50152,-4.1599255,1.2174516,-6.338649,-6.4416,-6.8198833,-8.261193;
Az:2.8095956,3.5565867,3.764882,3.927688,4.262876,4.0186677,5.052963,6.566098,6.56131,-0.094570965,0.4321534,-0.3196259,-5.33069;
Gx:-0.32725745,0.04938041,0.1755249,-0.015711948,-0.4499603,-0.4978443,-3.10513,-5.890185,-4.817134,-1.4203602,0.5117606;
Gy:0.712275,0.07092822,-0.5184943,0.18031332,0.05626374,-0.7246949,-1.9077299,-7.5846815,-6.220585,-3.677344,-1.7742531;
Gz:-0.54857147,0.17462708,0.15771803,0.22789808,-0.2923919,0.4611831,1.6795325,-4.620809,-3.9585133,-3.3957262,-4.879533;
Y:-147.96552,-146.45645,-145.31516,-145.67256,-143.53972,-146.63518,-144.56886,-145.76187,-136.00056,-179.42418,-176.35164,-178.84364,154.85776;
P:13.631034,18.766163,18.113857,21.40814,17.090986,16.854664,19.179996,17.651989,-5.06885,23.611744,25.360617,33.791096,43.638794;
R:72.72888,67.72414,66.17649,64.76282,63.111973,65.31223,59.869736,59.849026,61.442783,90.37368,88.177734,91.79732,127.97479,
T:20,30,35
Label:Read
Ax:-4.0830116,-1.8516158,0.923264,2.833837,1.6511014,1.3063363,1.6511014,2.6399066,2.5513213,3.355773,3.2097266,3.961506,3.9351697;
Ay:-8.25401,-6.7767878,-4.8135424,-4.2556934,-4.4280763,-3.9492357,-5.433641,-4.691438,-6.221333,-7.0090256,-7.8757267,-7.787141,-8.141483;
Az:-6.4511766,-4.8853683,-5.8238955,-6.6762314,-7.8206596,-4.3658266,-4.701015,-5.9771247,-5.7520695,-4.437653,-3.5302503,-3.288436,-2.8790276;
Gx:0.72439563,0.36541504,1.7669208,0.09696517,-0.5397428,-0.53345805,-0.18794483,-0.4559458,-0.122852474,0.56772506,0.5216367;
Gy:-1.3049896,-0.7754221,-0.11836334,-0.32291797,1.1511621,0.6299743,1.7797897,1.0137948,0.059106853,0.39369655,0.24645314;
Gz:-1.4740801,2.5471313,2.1507413,0.94885206,3.804237,2.6903346,0.82719666,0.14544775,1.1712135,0.9219173,0.8842086;
Y:138.94548,124.25979,102.03717,89.68523,89.21542,83.102875,82.4968,80.716774,83.94389,77.47692,76.02716,70.41906,69.461525;
P:47.23214,52.36997,39.225506,30.403044,28.98605,40.91272,47.479813,35.67787,44.674168,51.558132,58.7917,56.529007,59.08281;
R:147.66989,159.24266,-170.99185,-157.0004,-168.07875,-163.34184,-160.6476,-156.17047,-156.0804,-142.90326,-137.72269,-129.69597,-126.18975,
T:20,30,36
Label:Read
Ax:3.9591117,2.8482022,2.98946,1.8426375,2.5704749,2.3980923,0.77961195,1.7827824,0.10923545,11.709143,5.9726353,2.6614544,8.49373;
Ay:-8.850166,-7.667431,-8.048109,-10.023325,-9.7958765,-9.2308445,-12.654553,-12.644977,-10.878056,-9.1350765,-16.784552,-2.4432828,10.334572;
Az:-3.1639376,-2.5007436,-2.3020248,-2.9532478,-1.780089,-1.8974048,0.4321534,2.8694508,3.2453403,-1.5406688,-2.055422,-5.2277393,-0.6596026;
Gx:0.50368017,-0.6871359,-0.61770403,-0.99613756,-1.0247183,-2.392855,-0.9837176,-2.3171384,8.620922,-5.1291285,-0.79038584;
Gy:-0.28550854,0.9995792,0.70958155,-1.0737995,-0.45534724,-3.685275,-3.451092,-1.3816041,-0.5271733,2.8283005,12.943803;
Gz:0.13437457,0.42422262,0.240318,0.93568397,0.83138657,2.8112416,4.866963,3.5625722,-5.0813937,-2.454805,-2.4386442;
Y:73.57186,78.85912,77.97549,101.539314,81.969086,87.264244,29.710964,3.1885192,-22.640076,58.164326,70.26594,58.941303,72.5421;
P:60.202408,63.695393,64.88204,70.84868,72.29785,71.6713,85.97076,75.04245,73.379265,37.72192,69.37751,22.611729,-50.499542;
R:-128.63022,-131.28339,-127.59796,-148.03848,-124.70313,-128.35155,-60.999588,-31.852581,-1.9278002,-97.49582,-108.99038,-153.01924,-94.440544,
T:20,30,37
Label:Read
Ax:7.418733,2.8912978,4.2775407,8.886379,6.1522007,4.342184,3.3102832,3.877709,-2.7015574,-6.6735377,-7.652766,-10.528203,-19.529802;
Ay:2.5797524,2.8263552,14.543578,0.130484,3.5853171,3.3794158,-7.717709,-2.469619,-5.5844755,-4.0976763,-2.694674,-2.043451,-10.286688;
Az:3.0705638,-6.8557963,-5.8382607,-1.186327,-3.5422213,-2.6491842,2.6803088,5.177461,9.324219,8.819042,8.620323,1.9859903,-14.627376;
Gx:-1.9972131,-6.018275,-4.324078,0.81911623,-4.0839095,-4.879533,-3.3836055,-7.3473563,-7.3901525,-4.6380177,-12.030265;
Gy:0.2645593,0.8759785,10.5463085,-5.4007206,-1.328333,-12.157457,-2.8886044,-3.8616977,-2.3252187,-0.39205053,-6.3488245;
Gz:1.6045641,-10.45922,-8.328679,-0.4830302,-4.383185,-0.38307226,-1.4003087,0.86161333,-0.7993641,-0.42287588,-19.569157;
Y:44.070698,8.47007,-3.8796592,5.3655195,-23.089886,-33.44998,144.04834,47.370396,52.29417,38.4218,30.545002,16.826735,1.2519696;
P:-17.812292,-20.799742,-63.542847,-0.833851,-26.795593,-33.599506,61.10603,20.896154,29.910198,20.330336,13.157634,10.798293,22.85936;
R:-67.51566,-157.13336,-143.77074,-97.604,-119.93182,-121.38754,-51.003197,-36.831726,16.15818,37.115486,41.597343,79.31752,126.83237,
T:20,30,38
Label:Read
Ax:-12.852973,-10.49229,-8.34469,-8.821136,-9.817124,-7.339126,-8.52665,-9.690232,-11.380539,-12.2759695,-10.377368,-7.8395143,-5.5386863;
Ay:-14.871584,-9.115923,-1.2389994,0.40342298,-6.657078,-4.961983,-4.1479545,-5.5509567,0.48961425,-2.0578163,-3.930082,-3.144784,-2.8862102;
Az:1.471237,-3.2573113,-4.59567,-3.2309752,-6.489484,-2.328361,-2.2613235,-2.3594859,-2.7138276,1.9859903,0.48243165,-0.760159,0.03232172;
Gx:-3.9851487,-1.1902175,1.0754455,0.85787237,-0.013766659,0.9370307,-0.43619362,-2.042254,-2.7943327,-1.0820296,1.0437223;
Gy:-10.868928,-7.264158,0.62937576,1.9520226,-6.452523,-1.6364368,-2.3080103,3.392135,0.2208651,-1.0102035,0.7009025;
Gz:2.7012582,-0.76434886,-2.6099792,-2.9281087,-6.6427126,-2.8119898,-2.491915,-3.4521396,0.94690675,-0.63206923,-2.332551;
Y:11.802908,-4.608974,-21.440754,-50.326885,-93.55808,-91.61607,-87.40401,-97.12767,-78.65297,-86.036064,-85.26622,-72.16587,-53.773125;
P:48.979748,39.68438,7.4101977,-2.4589806,29.496237,32.799587,25.183578,29.099382,-2.396354,9.396052,20.722034,21.765474,27.523624;
R:83.46996,107.24686,118.84289,110.1166,123.46619,107.6018,104.85329,103.684715,103.41239,80.81039,87.3383,95.538376,89.66564,
T:20,30,39
Label:Read
Ax:-5.988796,-8.541016,-11.46673,-10.427647,-8.172308,-6.692692,-5.605724,-4.978443,-3.8531682,-3.182792,-2.9649196,-3.4868555,-3.5251627;
Ay:-3.7313633,-5.3713913,-5.955577,-6.278794,-5.5844755,-5.9483943,-6.051345,-6.137536,-6.364985,-5.069722,-6.4008985,-8.524555,-6.2859764;
Az:0.10414778,-0.6404489,-2.3642743,-3.453636,-4.545392,-4.995502,-4.38498,-4.542998,-5.009867,-5.898116,-6.645107,-6.537368,-5.493496;
Gx:1.823035,-0.5892729,-3.134459,-1.9006969,0.073023155,0.94885206,1.0474633,1.3192052,1.4425066,1.3944728,0.6359598,0.3115455;
Gy:2.1312885,0.3357868,-0.78574705,-1.4743793,-0.5722142,-0.39205053,0.19782092,0.14888942,1.5741876,0.49170917,-1.6018705,0.55470663;
Gz:-0.7770681,-1.2491747,-2.4987984,-2.8372786,-2.7947817,-2.367566,-0.10175357,0.18510172,-0.3628712,-1.1990461,-0.9470564,0.3935469;
Y:-34.10503,-16.899107,-6.2073326,-0.670389,2.1401465,4.2041674,6.878055,7.071376,3.1956522,-2.4243464,-7.2477493,-9.508596,-9.867231;
P:31.921389,32.09319,26.961475,29.752068,30.845045,35.46062,40.37325,42.322636,45.202015,37.105305,41.336834,49.004375,43.92115;
R:89.0037,94.2883,101.6503,108.32487,119.08257,126.73808,128.03369,132.38152,142.43555,151.64745,155.95448,151.92574,147.31181,
T:20,30,40
Label:Read
Ax:-3.6879685,-3.4270005,-3.5012207,-3.314473,-3.3216555,-3.575441,-3.5922003,-3.6257193,-2.9146414,-3.2977135,-4.379893,-4.097377,-4.310461;
Ay:-6.7025676,-7.856573,-7.777564,-7.2987237,-7.219715,-7.9092455,-6.9946604,-7.195773,-6.2524576,-8.22528,-8.878897,-9.350554,-8.524555;
Az:-4.7776294,-5.7281275,-6.0681043,-5.2899885,-5.5629277,-5.649119,-5.3713913,-4.784812,-5.225345,-5.49589,-5.1678843,-3.738546,-2.373851;
Gx:0.27503392,0.1743278,0.34207156,0.26126727,-0.002244564,0.0026934769,0.86879593,0.5882254,-0.4849755,-0.2184709,-0.40043023;
Gy:-0.6355109,-0.6477812,-0.16564883,-0.009876082,-0.6085761,0.3573346,1.1004349,-0.87193835,-1.5673043,-1.8773534,-0.7281366;
Gz:-0.22146365,-0.42646718,0.35987845,0.036511578,-0.16220717,0.032022446,0.046686932,-0.2995745,0.08020575,1.2892777,2.109591;
Y:-9.830841,-13.644627,-13.515455,-11.658004,-10.7814455,-8.868578,-6.8882027,-4.229758,-7.175239,-6.2229958,-1.8717711,1.0632867,7.656725;
P:47.997887,49.648487,47.98864,49.45975,48.094357,49.792816,47.267357,50.162132,46.26037,52.07337,52.65778,59.324066,60.003815;
R:142.33456,149.10893,150.01558,147.93056,149.15834,147.66945,146.22678,142.84676,150.84769,149.03487,139.718,132.37808,118.84239,
T:20,30,41
Label:Read
Ax:-3.27856,-3.6281135,-5.0167503,-4.6887445,-4.049493,-4.999991,-7.0350623,-4.8730984,-3.541922,-6.9536595,-13.1307,-11.986272,-8.890569;
Ay:-8.182184,-7.813477,-8.160637,-6.0226145,-7.4830775,-5.3235073,-7.8517847,-8.7951,-4.3897686,-1.1288661,-2.6898856,-2.8119898,-1.0378864;
Az:-1.9405005,-0.45609543,0.073023155,-1.2437878,-1.2964603,-3.4967315,-6.0920463,-3.8510735,-5.4911017,-4.497508,-6.8246717,-7.243657,-3.0466216;
Gx:0.78814125,-1.0875661,-0.739958,0.11327567,-0.9189245,-2.8173769,-0.49799395,-0.53824645,-5.0815434,-3.0755017,0.3624223;
Gy:0.1479916,0.63087213,2.7850552,1.2164041,3.215712,0.18435353,-1.9442414,5.444115,2.2550387,-1.0664672,-2.629432;
Gz:1.2599486,1.9285295,0.4894646,0.4818331,-0.92775315,-2.3766942,1.6350901,-1.0606314,-4.1920977,-3.5389295,-0.21472996;
Y:7.0748863,22.437939,28.129633,21.107231,23.89684,13.880245,11.780127,14.956127,3.1100833,17.970089,19.760376,20.060781,23.689758;
P:65.032364,64.92063,58.416183,51.150314,60.394302,41.104904,40.154884,54.770233,33.893257,7.762377,10.302129,11.353122,6.301972;
R:120.62027,97.16515,89.16607,104.85673,107.75266,124.966934,130.89108,128.31833,147.17679,122.894104,117.46312,121.145805,108.91557,
T:20,30,42
Label:Read
Ax:-10.207379,-8.442853,-8.837896,-9.106047,-9.685444,-10.351031,-10.02542,-10.001478,-8.6774845,-7.894581,-7.7844477,-8.711003,-9.776423;
Ay:-0.688333,-0.90381116,-1.4688427,-0.7026982,-1.1192893,-1.9261353,-4.882974,-0.20709845,-2.9173348,-4.1479545,-2.8455088,-1.8590976,-2.3211784;
Az:-4.107253,-4.0186677,-3.714604,-4.3155484,-3.915717,-3.8295257,-2.4911668,-3.0585926,0.22146365,0.80804306,-0.2813187,-0.80325466,-2.859874;
Gx:-0.8074445,0.98566294,0.28760347,-0.31364042,-1.1148002,-0.97309333,-0.9753379,0.29613283,0.839467,0.13901334,-0.6159084;
Gy:-2.9076083,-1.9882349,0.16145898,0.20784664,-0.096815534,-2.380884,3.2068834,1.0311527,1.8228853,2.3647232,1.0242695;
Gz:-2.4078188,-1.5490485,-1.6353894,-1.3506291,-1.0874165,0.33174658,-1.3136685,0.46028528,-0.37155017,-0.8903438,-1.8270751;
Y:22.41898,21.951326,21.329014,21.365034,20.28886,20.8888,24.200083,21.538628,25.998152,43.5647,53.86472,60.33051,64.63022;
P:3.5797691,5.521021,8.710841,3.988979,6.115306,9.899597,25.299397,1.1343961,18.576801,27.595491,20.067207,11.997878,12.837144;
R:111.91891,115.453735,112.79721,115.35726,112.01294,110.30274,103.95451,107.004364,88.53803,84.15589,92.06969,95.268425,106.30566,
T:20,30,43
Label:Read
Ax:-10.135553,-10.65749,-8.655937,-4.865916,-6.3455324,-7.640795,-8.986337,-12.436381,-11.598411,-10.240898,-9.508273,-8.711003,-8.639177;
Ay:-4.5382094,-4.643554,-7.7679873,-0.7290344,-2.6443958,-3.894169,-1.9500773,-1.9620483,-2.9580362,-1.5813702,-1.2366052,-1.4903905,-1.6675615;
Az:-2.9269116,-2.574964,-2.112883,-0.19033903,0.46088383,-0.24061728,-1.5646108,-4.1120415,-2.5941176,-3.5877113,-3.4680011,-3.4440591,-3.3147724;
Gx:-0.8692449,-1.3450924,0.23283611,0.8526351,-0.6853402,-1.8867806,-4.586243,-2.7792192,-0.8219594,0.9141361,1.0455179;
Gy:-2.296189,-2.6074352,-4.4904747,4.0156746,3.013851,4.5561657,3.446603,0.46776715,-0.28565818,-1.1558008,-1.3688848;
Gz:-0.6289269,-0.27129298,0.42108023,0.41210195,0.029179333,0.28939912,-1.811064,-0.013766659,-1.1840824,-1.5955858,-1.8017864;
Y:68.12566,69.03917,73.90663,60.602615,64.36075,65.25689,59.34426,58.804863,59.729355,56.713184,53.63719,49.68453,45.242012;
P:23.276123,22.953712,41.082573,8.514527,22.569658,26.994402,12.067515,8.519056,13.976304,8.291508,6.966005,9.040469,10.2158;
R:106.10749,103.58296,103.717445,92.24009,85.84583,91.80371,99.876755,108.29627,102.60736,109.30698,110.03869,111.572296,110.99135,
T:20,30,44
Label:Read
Ax:-9.060557,-9.467571,-9.75727,-9.66629,-9.544186,-9.390957,-9.228151,-8.718186,-8.308778,-7.954436,-8.232163,-9.089288,-9.618406;
Ay:-1.6627731,-1.471237,-1.4401124,-1.3611037,-1.3634979,-1.1839328,-1.2797008,-1.3251907,-1.6364368,-1.9309237,-1.1647792,-1.401805,-1.3754689;
Az:-3.1136594,-2.8550856,-2.48159,-2.1775265,-2.0602105,-2.2182279,-2.421735,-2.6683378,-2.3235726,-2.1918917,-3.0777464,-2.814384,-2.6898856;
Gx:0.6642413,0.25169045,-0.104297414,-0.17133506,-0.350152,-0.31423897,0.18809447,0.72274965,1.2500726,1.0989386,-0.21652561;
Gy:-1.5903485,-1.4235026,-1.035193,-0.32995093,1.0428245,1.25112,1.2630911,0.6702268,-0.1249474,0.22370823,-0.31124622;
Gz:-1.8508675,-1.5487492,-0.79951376,0.04818331,0.8605659,0.78933835,0.5177461,0.72319853,0.6697779,-0.39923313,-0.11192893;
Y:40.524162,35.71426,31.07021,26.813488,23.595469,21.552359,20.744936,20.678963,20.247847,20.795935,21.664783,21.919859,21.959558;
P:9.845928,8.462369,8.140369,7.821598,7.949673,6.994954,7.6395836,8.269892,10.740024,13.171637,7.549508,8.380828,7.8414288;
R:108.96528,106.781456,104.26963,102.695114,102.180984,103.29018,104.704506,107.01755,105.623795,105.40585,110.49918,107.20448,105.62419,
T:20,30,45
Label:Read
Ax:-10.087669,-9.83149,-9.944017,-9.750087,-9.692626,-9.783606,-9.625588,-9.706991,-9.54658,-9.525032,-9.52982,-9.2664585,-8.952818;
Ay:-1.3706805,-1.3730747,-1.0307038,-0.89423436,-0.78170687,-1.0905589,-1.2533646,-1.3347675,-1.4257472,-1.3491327,-1.4425066,-1.3682863,-1.3347675;
Az:-2.9532478,-2.682703,-2.8335378,-2.9652188,-2.7090392,-2.4313118,-2.4313118,-2.4911668,-2.4720132,-2.6036944,-2.7377696,-2.7617116,-2.6539726;
Gx:-0.6878841,-0.4225766,-0.54168814,-0.39085343,-0.38651395,-0.38232407,-0.45938745,-0.2813187,-0.23762453,-0.21458033,0.06958149;
Gy:-0.42796355,-0.5499182,-0.2100912,0.13991116,0.5924153,0.5436334,0.4026748,0.16355391,0.026186582,-0.2861071,-0.39414546;
Gz:-0.32127193,-0.042945992,-0.16983868,-0.22535424,0.062099606,0.30810383,0.27189153,0.32127193,0.22894554,0.10175357,0.07766192;
Y:22.263927,21.97978,21.69209,21.905354,21.58547,21.52405,21.758696,21.697931,21.609634,21.344429,21.114124,20.887283,20.76077;
P:7.4296417,7.673533,5.692592,5.014709,4.441411,6.174116,7.1953363,7.586555,8.226703,7.780044,8.277496,8.054396,8.134797;
R:106.317825,105.26265,105.90485,106.91569,105.61541,103.9558,104.175735,104.39355,104.51743,105.288475,106.028534,106.595795,106.511925,
T:20,30,46
Label:Read
Ax:-8.878597,-9.031827,-9.252093,-9.774029,-9.419687,-9.074923,-11.145906,-9.402928,-9.75727,-9.618406,-9.51785,-9.977536,-10.695797;
Ay:-1.2270284,-1.0953473,-1.0761937,-1.3706805,-2.232593,-0.6715736,-3.0825348,-2.0697873,-2.6396074,-0.5398925,-1.3108255,-1.2773066,-0.5734113;
Az:-2.6420016,-2.7401638,-2.7234044,-3.3147724,-0.1400608,-0.415394,-1.7322049,-0.11611878,-0.59495914,-2.6132712,-1.9117701,-1.7705121,-2.9340942;
Gx:0.4830302,0.31483752,0.07227496,-0.46971244,-0.08888474,0.4357447,0.20066403,-0.19093758,-0.096815534,-8.9782564E-4,-0.4846762,-1.2117653;
Gy:-0.20859483,0.106691614,0.3031658,0.13452421,-0.6440403,1.3124714,-0.25932196,-0.7234978,1.3914801,0.43230304,0.32830492,0.97877955;
Gz:0.09561843,-0.025737667,-0.016609775,-0.6060323,2.4260745,0.919972,0.69895726,0.3978864,-1.2791022,-0.31139585,0.09487024,-0.98087454;
Y:20.63071,20.461512,20.104162,20.771305,14.04143,13.362604,19.049044,18.549334,23.53804,26.833275,29.108511,30.73116,32.14182;
P:7.545503,6.6197267,6.367021,7.5650287,13.33241,4.227947,15.284671,12.413145,15.11095,3.1005394,7.6899085,7.184191,2.9596062;
R:106.57141,106.877266,106.40208,108.7339,90.85186,92.62082,98.83377,90.70752,93.48935,105.20004,101.35739,100.06238,105.34013,
T:20,30,47
Label:Read
Ax:-10.643125,-9.958383,-9.6327715,-9.661502,-9.0677395,-7.6336126,-9.71178,-9.841066,-8.809166,-8.914511,-9.060557,-9.793182,-10.01345;
Ay:-1.1480197,-1.6915035,-0.05865794,-1.7058687,-1.0498575,-1.0690111,-1.6819267,-1.2366052,-1.4425066,-1.6077064,-1.9069817,-2.19668,-1.9812019;
Az:-2.3475149,-1.4784195,-3.345897,-2.7976246,-2.4169466,-2.1033063,-2.4384944,-2.9771898,-2.2493525,-2.0027497,-1.8614918,-1.6579847,-1.555034;
Gx:-0.45699325,-0.11312603,-0.24525604,0.197372,1.6488568,-0.39279872,0.65900403,0.6239888,0.43724108,-0.30451253,-0.47794253;
Gy:-0.033069912,1.8565538,-0.055365913,0.52896893,0.5928642,-0.027982233,-0.17881694,-0.3728969,-0.42781392,-0.7556699,-1.0000281;
Gz:0.29538465,-1.9741689,-0.6109703,0.3824737,0.5885247,0.12898761,-0.02932897,-0.08843583,0.081702136,0.35718498,0.51445407;
Y:32.13523,30.871532,29.41672,27.06842,22.381256,18.583088,14.432938,11.755786,8.913481,7.317148,6.6907773,5.6104507,4.621995;
P:6.0129714,9.537516,0.3295783,9.625574,6.38334,7.6889505,9.534983,6.8582606,9.015402,9.979671,11.649145,12.470796,11.06239;
R:102.43836,98.444435,109.15443,106.149124,104.92483,105.4046,104.09481,106.83199,104.32396,102.661934,101.60987,99.609055,98.82721,
T:20,30,48
Label:Read
Ax:-9.790789,-9.960777,-10.231321,-9.211391,-8.914511,-8.021474,-9.467571,-9.060557,-8.655937,-9.299977,-10.255263,-10.248081,-9.213786;
Ay:-2.7018566,-1.5741876,-1.8830396,-1.1336545,-0.9636662,-2.9388826,-2.3690627,-1.6412252,-1.5382746,-1.5334862,-1.3730747,-1.638831,-2.0913353;
Az:1.423353,0.25498247,-1.4856021,-2.2637177,-2.5198972,-1.6795325,-3.0561984,-2.8646624,-2.208651,-2.03148,-2.3068132,-1.9764135,-1.0474633;
Gx:-0.2451064,-0.59346277,0.38696286,0.6265327,1.4119805,-0.23762453,0.047135845,-0.21936873,-1.1751041,-0.95588505,0.33294368;
Gy:-2.0962732,-1.2526164,-0.5018845,0.25767595,-0.7914333,0.5279215,1.4362217,1.7447745,1.8722657,1.0473136,-0.42796355;
Gz:3.5880105,0.21323359,-0.35464114,-0.60917467,-0.07586627,-1.4471453,-0.9279028,-0.30855274,-0.52073884,-0.360477,0.45729253;
Y:-3.335644,-0.7717139,3.8697371,6.886273,8.585914,9.206772,11.833554,9.8615265,5.8942637,2.3665812,0.37485173,-1.1368752,-2.3452613;
P:15.274372,8.9777775,10.322503,6.8153687,5.9388165,19.727869,13.394357,9.79904,9.770292,9.1513195,7.4421706,8.923856,12.709078;
R:81.72847,88.53362,98.26169,103.80694,105.7842,101.82572,107.89044,107.54531,104.31417,102.3221,102.67708,100.91587,96.48579,
T:20,30,50
Label:Read
Ax:-9.702203,-9.278429,-9.498696,-9.587281,-9.687838,-9.733328,-9.685444,-9.838673,-9.568128,-9.6567135,-9.457994,-9.36462,-9.5848875;
Ay:-1.1192893,-1.2054806,-1.1528081,-0.46327803,0.06823475,0.130484,-0.48961425,-0.029927522,-0.41060558,-0.60932434,-0.81283146,-0.89423436,-1.186327;
Az:-1.8231846,-1.1456255,-1.3395559,-1.7393875,-1.9835961,-2.2014685,-1.5263035,-2.067393,-2.208651,-2.586935,-2.3068132,-2.1152773,-1.8183962;
Gx:-0.065541275,0.33518824,-0.014814123,-0.122852474,-0.1683423,-0.1388637,-0.3314473,-0.10235212,0.05925649,0.1678934,-0.05267244;
Gy:-0.3127426,-0.98341835,-0.73352355,-0.028281508,0.38771105,0.22550388,1.101632,0.98805714,0.5397428,0.37499183,-0.03321955;
Gz:-0.19303252,0.77856445,0.37424365,0.1786673,-0.052822076,0.6004957,0.054917,-0.06060323,-0.3669114,-0.19393034,0.17687166;
Y:-1.0246973,-1.5138586,-0.47056007,1.5234352,2.9269145,4.0036316,2.2100627,3.708738,4.031412,4.8398943,4.4154716,4.5861764,4.7921386;
P:6.4685707,7.3473907,6.852698,2.7221339,-0.3953454,-0.74913496,2.8587081,0.17055847,2.3943896,3.4878283,4.772764,5.3214107,6.9332175;
R:100.6426,97.038795,98.027214,100.28313,101.57144,102.74463,98.955444,101.866875,102.99815,104.996826,103.70687,102.72835,100.7422,
T:20,30,51
Label:Read
Ax:-9.910499,-9.371803,-9.328708,-9.520244,-9.278429,-9.1252,-9.570522,-8.950424,-8.964789,-9.2425165,-9.163507,-9.012673,-8.402152;
Ay:-1.2557588,-0.9588778,-0.8415619,-0.8846575,-1.2078748,-2.0913353,-2.6491842,-4.1934443,-4.380192,-3.515885,-2.1559787,-1.9835961,-2.7760768;
Az:-1.7034745,-1.7753005,-1.9524715,-2.172738,-1.8207904,-0.7529764,-1.7848774,-0.2693477,-1.2389994,-2.5725696,-2.0961237,-2.7928362,-2.493561;
Gx:-0.38037878,0.15322891,0.18315643,0.23178865,0.42317516,0.012120646,0.6549638,0.655712,0.09771336,-0.5228338,-0.08798691;
Gy:-0.21652561,0.021098902,0.27323827,0.087687634,-0.99494046,-1.863437,-3.451541,-2.7597663,-0.7020996,1.7785926,0.81043726;
Gz:0.36302084,0.34237084,0.15831658,0.19123685,1.1960534,0.14604631,1.5629648,-0.24331075,-1.5656583,0.36032736,1.2725182;
Y:5.472941,6.724307,7.8873315,8.934535,8.880156,7.030727,10.875143,8.248072,11.821062,12.010244,3.4764838,-5.469313,-21.611963;
P:7.1181693,5.740512,5.046062,5.1765485,7.2797923,12.866,15.222455,25.094025,25.826931,20.126486,12.917646,11.872259,17.575396;
R:99.75303,100.72644,101.821205,102.856026,101.102585,94.71714,100.564156,91.723694,97.86884,105.554054,102.88455,107.2171,106.52965,
