T:20,28,04
Label:Exercise
 0.33039984; 6.3328133; 6.936152;;;;;; 
T:20,28,04
Label:Exercise
Ax:-0.78290397,-0.8762778,-0.8283938,-0.7086837,-0.78769237,-1.0486604,-1.13964,-1.0821792,-1.055843,-1.5394717,-1.1947067,-1.0414777,-0.5770026;
Ay:6.033538,6.4453406,6.158036,5.8707323,5.585822,5.1381063,5.1500773,5.0662804,4.920234,4.06311,3.4382234,3.4070988,4.836437;
Az:7.93214,8.248175,8.545055,8.408586,8.1548,7.9752355,8.212261,8.298452,8.341548,9.284863,9.04305,8.707861,8.279299;
Gx:-0.30989948,-0.108936176,0.32830492,0.72753805,0.5057751,0.339827,0.27997196,0.2160767,-0.32561144,-0.028431145,0.32127193;
Gy:-0.0712275,0.5672762,0.38980597,0.23702596,-0.3238158,-0.18869302,-0.1213561,-0.12419921,-0.82929164,-1.2530653,0.5671265;
Gz:0.27204117,0.43604398,0.69925654,0.5113117,-0.019752163,0.120458275,0.088585466,0.02873042,0.8729858,0.51071316,-0.5033809;
Y:155.12465,154.16612,154.39455,154.21999,153.90526,153.75906,153.16808,152.65268,152.15442,153.15895,152.98318,152.10237,148.94098;
P:-37.12449,-37.849113,-35.65158,-34.826977,-34.28618,-32.568787,-31.847221,-31.190004,-30.335213,-23.350431,-20.652979,-21.231058,-30.23136;
R:5.636849,6.064299,5.537192,4.8175583,5.5172253,7.4908247,7.900647,7.429862,7.2139297,9.41425,7.525948,6.820293,3.986623,
T:20,28,04
Label:Exercise
Ax:-0.40462008,-0.44771573,-0.59855044,-0.19153613,-0.4429273,-0.06943185,0.9864111,1.2090719,0.94570965,-0.17717093,-0.5746084,-0.41180268,-0.24899697;
Ay:3.636942,2.7271454,1.9825486,2.5882816,-1.5848119,-0.5385457,-0.31109658,-0.624737,-0.7564181,-0.588824,-0.3374328,-0.5600936,-0.6319196;
Az:8.540267,8.640823,8.523508,10.970382,9.981577,11.205013,10.572945,9.280075,9.069386,9.564985,9.900174,9.962423,9.892991;
Gx:0.33084875,0.17911622,-0.024540568,0.51430446,0.2940379,1.1963527,1.0447698,0.44472298,-0.71242464,-0.68623805,-0.13961188;
Gy:-0.6087258,-0.9466075,-0.9415198,0.58089316,-2.5342624,0.0537199,-0.115969144,-0.10414778,0.037259765,0.2633622,0.03755904;
Gz:-0.2688988,-0.42990884,-0.8194155,1.3974656,0.24899697,0.7754221,-0.51191026,-0.7026982,-0.20694882,0.11267712,0.17791912;
Y:150.88022,152.48041,153.96301,154.83266,156.43712,156.93355,157.7894,158.10939,156.95686,153.36687,151.5616,151.96777,153.07462;
P:-23.043978,-17.494278,-13.062982,-13.273281,9.013032,2.7516327,1.6780921,3.819174,4.742039,3.522101,1.948809,3.2150767,3.653677;
R:2.7125263,2.9660718,4.016915,1.0002475,2.5408034,0.35502866,-5.3300257,-7.4230733,-5.953,1.0611607,3.3217335,2.3670075,1.4417747,
T:20,28,05
Label:Exercise
Ax:0.5626374,0.8595184,0.78769237,0.7517793,0.9959879,0.80205756,0.7757214,0.51475334,0.4213795,-0.055066638,-1.1947067,-0.8690952;
Ay:6.703914,6.629694,6.569839,6.7254624,6.7996826,6.842778,6.8451724,6.2849293,7.240216,6.605752,5.7677817,5.8252425;
Az:6.7278566,6.7972884,7.055862,7.0367084,6.91221,6.974459,6.828413,7.022343,6.167613,7.1947255,7.508366,7.055862;
Gx:5.234772,5.46701,0.3230676,0.121655375,0.046088383,0.30256724,0.09636662,0.10459669,-0.06584055,-0.049530048,-0.35598788,-1.2066777,-0.568174;
Gy:8.22124,8.592341,-0.038456865,-0.12389994,0.007182605,0.054617725,0.08723872,0.071377136,-0.51909286,0.46342766,-0.023193829,-0.71571666,-0.54138887;
Gz:-1.3434464,-1.551742,-0.37319618,-0.07990648,-0.07212532,-0.17238252,-0.09891046,-0.23089083,-0.015861586,-0.90500826,-0.025737667,0.15083471,-0.39698857;
Y:153.37138,153.85959,154.33868,153.69424,153.37978,153.40517,153.18857,155.06726,151.6787,155.14987,156.68456,155.10483;
P:-44.79804,-44.05775,-42.780228,-43.542034,-44.235527,-44.265835,-44.88655,-41.751957,-49.507957,-42.55539,-37.185307,-39.33108;
R:-4.78041,-7.206813,-6.3699303,-6.0981655,-8.199376,-6.560154,-6.48113,-4.1924095,-3.90845,0.4385191,9.040926,7.021952,
T:20,28,05
Label:Exercise
Ax:-0.20350714,-0.2657564,-0.39264908,-0.521936,-0.5770026,-0.5410896,-0.5674258,-0.60573304,-0.5746084,-0.5482722,-0.59376204,-0.521936,-0.47165772;
Ay:-0.82584995,-0.82106155,-0.96471363,-0.83542675,-1.0221745,-0.95992523,-1.0149919,-0.95034844,-0.7540239,-0.8761282,-0.8761282,-0.6462848,-0.72529346;
Az:9.787646,9.871443,10.022278,9.857078,9.732579,9.684695,9.701455,9.696667,9.799617,9.933693,9.864261,9.677513,9.79004;
Gx:0.21697453,0.1925836,0.14544775,0.11566987,0.10459669,0.13257892,0.03815759,0.06808511,0.105494514,0.102052845,0.19512744,0.2148796;
Gy:0.062698156,0.14110826,0.033369187,0.1822586,0.0026934769,0.039653964,-0.009876082,0.19303252,0.07855974,0.04369418,0.21936873,0.08095395;
Gz:0.030526072,0.12300211,0.28146833,0.12434885,0.0035913025,-0.047584757,-0.043394905,0.06000468,0.19557635,0.12569559,-0.064493805,0.040851068;
Y:154.5157,155.44926,155.87917,155.64159,155.66171,155.52374,155.2383,154.89105,154.7618,155.06519,155.11429,155.20724,155.45424;
P:4.8219714,4.752943,5.493987,4.8377237,5.985137,5.651783,5.9625907,5.586733,4.392395,5.0326896,5.0664806,3.8151324,4.2321167;
R:1.1911364,1.5421295,2.2435653,3.0310028,3.3928478,3.1978242,3.347344,3.5745177,3.3557415,3.1591315,3.4446638,3.0871348,2.7582235,
T:20,28,06
Label:Exercise
Ax:-0.5243302,-0.3878607,-0.4165911,-0.49559975,-0.51714754,-0.51954174,-0.5315128,-0.44771573,-0.38307226,-0.40462008,-0.59136784,-0.50278234,-1.3479356;
Ay:-0.5385457,-0.6271312,-0.8833108,-0.6582558,-0.5576994,-0.37813422,-0.6295254,-0.6151602,-0.43559507,-0.6295254,-0.30391398,-0.08604162,-0.7659949;
Az:9.665542,9.88102,9.787646,9.701455,9.598504,9.509919,9.723002,10.036643,9.864261,9.672725,9.066992,9.608081,9.474006;
Gx:0.22984336,0.13721769,-0.008828619,-0.04683657,-0.034267012,0.014664485,0.26066872,0.2546832,0.06958149,0.14933833,-0.60468554;
Gy:0.14335282,-0.15891513,0.022146367,0.045938745,0.19961657,-0.09023148,0.13841479,-0.07451953,0.1985691,0.37274727,-0.30271688;
Gz:0.12434885,0.023493104,-0.06943185,-0.1782184,-0.26755205,-0.053570263,0.09561843,-0.09591771,-0.7043442,-0.16609775,-0.29343936;
Y:154.99837,155.35895,155.48613,155.00638,154.88878,154.74893,154.98439,155.24606,155.2534,155.37415,154.58157,154.64198,153.54396;
P:3.1844428,3.628806,5.1521926,3.876601,3.3204982,2.2736132,3.698994,3.5038772,2.5265749,3.7204578,1.9156954,0.5123765,4.5765486;
R:3.105102,2.247883,2.4372065,2.924418,3.0839963,3.1270494,3.1289883,2.5541635,2.2239273,2.3953452,3.7316632,2.9955049,8.097539,
T:20,28,07
Label:Exercise
Ax:-1.6711528,-1.8722657,-2.0015526,-3.0933087,-3.9983168,-5.734113,-3.6990416,-4.177882,-4.7285485,-5.803545,-6.0525417,-6.7372837,-4.5513773;
Ay:-0.4858733,0.18689737,-0.81627315,-1.6949452,-2.7747302,-2.9686604,-2.9662662,-2.1642087,-2.666991,-3.5384805,-4.024503,-4.0388684,-3.5169327;
Az:8.954464,8.061427,8.755745,8.355913,7.2473984,16.6614,6.876297,9.620052,7.9896007,7.6807485,6.9912186,6.7972884,7.6831427;
Gx:-0.7110779,-0.018854339,-0.370802,-0.45654434,-1.1613375,1.2596494,0.3919009,-1.2918215,-1.3557167,-1.8029835,0.60693014;
Gy:0.039653964,-0.13976152,-0.8749311,-1.6555905,-1.5007155,-0.76928693,0.5553052,-0.32830492,-0.7116765,-0.69656307,-0.19677345;
Gz:-0.7908347,-0.8245032,-1.0295067,-1.8285716,8.111256,-1.2940661,1.380407,-0.41299978,-0.9545383,-0.9907506,0.032022446;
Y:152.71951,151.35275,152.15555,149.82968,146.6217,148.58562,145.27863,145.41461,141.01714,136.63371,134.06636,130.93144,141.41324;
P:3.053235,-1.2936956,5.1929317,10.770544,18.532568,9.563246,20.801594,11.659286,16.027617,20.181715,23.519348,22.880383,21.49608;
R:10.571377,13.075138,12.876492,20.314249,28.885078,18.991186,28.277626,23.474773,30.618656,37.074562,40.883884,44.745983,30.641857,
T:20,28,08
Label:Exercise
Ax:-4.6662993,-4.6016555,-4.4795513,-4.855441,-4.9224787,-4.9224787,-4.644751,-4.237737,-4.426879,-4.7740383,-5.5617304,-5.133168,-4.8386817;
Ay:-3.0309098,-2.892046,-1.9678842,-2.8824692,-2.8489504,-2.7005098,-2.5784056,-3.0859764,-2.7699418,-2.9949968,-3.0787938,-2.607136,-2.6933272;
Az:7.896227,8.1859255,8.604911,8.099734,7.8555255,7.838766,8.123676,8.444499,8.061427,8.178742,8.482806,7.9848123,8.166772;
Gx:0.43350014,0.44187984,0.063296705,0.0025438394,0.0104746325,0.2475006,0.54423195,0.23178865,-0.86490536,-0.3494038,0.068534024;
Gy:0.16714521,0.14829087,0.0062847794,-0.035763387,0.057311203,0.13691841,-0.35269585,0.06823475,-0.12569559,0.30989948,0.23268647;
Gz:0.15442601,0.34446576,0.122852474,-0.14454992,-0.17567454,0.06988076,0.33084875,-0.08798691,0.39639002,-0.06359598,0.19632454;
Y:140.56302,141.40762,139.20273,138.41908,136.04967,134.01134,134.04225,137.0089,133.53072,132.2426,129.3826,128.78355,130.67249;
P:18.28635,17.117277,11.466976,16.973808,17.083101,16.264696,15.40482,18.08815,16.761278,17.549942,16.884275,15.357797,15.840223;
R:30.581093,29.342186,27.50062,30.940866,32.07234,32.127426,29.75897,26.649057,28.773094,30.272665,33.25075,32.735607,30.64606,
T:20,28,09
Label:Exercise
Ax:-4.474763,-4.501099,-5.0062757,-5.0517654,-4.9416323,-4.891354,-4.771644,-4.8961425,-5.0613422,-4.9296613,-4.7524905,-4.537012,-4.6136265;
Ay:-3.141043,-3.0021794,-2.9423242,-2.973449,-3.2655416,-3.2607532,-3.1123126,-3.2870893,-3.2990603,-3.413982,-3.5887587,-3.1985037,-3.686921;
Az:7.9991775,8.269722,7.9632645,7.7980647,7.9153805,7.8172183,8.085369,7.898621,7.7022967,7.663989,7.8411603,8.015937,7.740604;
Gx:0.40117842,0.31603462,-0.21323359,-0.029777884,0.023792379,0.13302784,-0.010324995,-0.16729484,-0.015861586,0.31857845,0.19482817;
Gy:-0.2825158,-0.06075287,0.022894554,-0.18839374,-0.1050456,0.09427169,-0.06703765,-0.03321955,-0.074220255,0.2908955,-0.14290391;
Gz:-0.014814123,0.25019407,-0.06194997,0.004938041,-0.06015432,0.22191256,0.029029695,-0.14320318,-0.13811551,0.24301147,-0.036810853;
Y:133.67987,133.67018,130.60056,129.97897,131.16173,130.70546,130.79355,130.2807,129.15973,129.8928,131.39851,131.41255,131.98167;
P:18.916319,17.685465,17.370064,17.745792,19.287804,19.473957,18.340704,19.479477,19.695047,20.538298,21.37551,19.149761,22.251764;
R:29.222776,28.55886,32.156395,32.936092,31.976845,32.03485,30.547314,31.79366,33.309765,32.750095,31.219856,29.509815,30.796179,
T:20,28,10
Label:Exercise
Ax:-4.55856,-4.9655743,-5.3558292,-5.2504845,-5.1523223,-4.9057193,-4.72376,-5.0637364,-4.984728,-4.9105077,-4.8482585,-4.9679685,-5.085284;
Ay:-4.2758946,-4.5823526,-4.910358,-4.781071,-4.876839,-4.910358,-5.154567,-5.171326,-5.1258364,-5.207239,-5.1018944,-5.0228853,-5.097106;
Az:7.740604,7.24261,6.876297,6.83799,6.909816,6.8332014,6.936152,6.790106,6.768558,6.7853174,6.7063084,6.782923,6.651242;
Gx:0.24241292,-0.15936404,-0.4568436,-0.27982232,0.064493805,0.23268647,-0.13482349,-0.050427873,0.022595279,0.067336924,-0.14963761;
Gy:-0.504578,-0.45834,-0.45220485,-0.07915829,0.0026934769,-0.1882441,-0.13317747,-0.020949265,-0.087687634,0.035314474,0.04249708;
Gz:0.06599019,-0.24495676,-0.3552397,-0.18734628,-0.046387658,0.08484452,-0.028580783,0.0035913025,0.03067571,-0.047734395,-0.0863409;
Y:133.8126,131.578,129.58032,129.5653,130.28932,131.51775,133.48952,131.08667,131.10732,131.50139,131.1942,130.2665,129.44365;
P:25.453949,27.556772,29.395775,29.011398,29.501438,30.27403,31.55952,31.404917,31.374119,31.86931,31.654772,30.854843,31.332628;
R:30.49448,34.434757,37.91441,37.51851,36.710148,35.675476,34.256218,36.713818,36.36992,35.893112,35.86467,36.219902,37.400143,
T:20,28,11
Label:Exercise
Ax:-4.972757,-5.0014873,-5.0900726,-5.085284,-4.924873,-5.0876784,-5.1642933,-5.2049947,-5.281609,-7.2711906,-6.4667387,-3.4739866,-1.7812861;
Ay:-5.073164,-5.168932,-5.4538417,-5.324555,-5.147384,-5.326949,-4.7140336,-4.670938,-5.372439,-5.3796215,-6.61503,-0.6558616,0.119859725;
Az:6.7134914,6.826019,6.5411086,6.447735,6.7063084,6.9648824,6.7637696,6.778135,7.802853,10.460417,8.42774,9.960029,7.4173865;
Gx:-0.008828619,-0.044292733,-0.14440028,-0.10699089,0.070778586,-0.15966332,-0.13706805,-0.18450317,-2.19249,-1.1474211,1.2164041;
Gy:0.07631518,0.0020949265,-0.2534861,-0.07631518,0.09307459,0.30750528,0.16175826,-0.67980367,-0.8108862,-2.658312,2.852841;
Gz:0.0043394906,0.1285387,-0.14215572,-0.17372926,0.09172785,-0.011821371,-0.08723872,0.86236155,3.4244566,1.2014403,2.0949266;
Y:130.3472,130.7897,130.22855,129.445,130.29323,130.04425,126.82245,126.27994,130.34772,125.3345,129.3054,122.0157,129.60329;
P:31.267393,31.417566,33.345783,32.95954,31.74287,31.699602,28.98411,28.659283,29.691048,22.893578,31.91116,3.5578337,-0.90018904;
R:36.527752,36.23058,37.888866,38.262604,36.292233,36.147224,37.362564,37.521004,34.093357,34.803734,37.4996,19.228407,13.503864,
T:20,28,13
Label:Exercise
Ax:-0.7733272,-0.16519992,-0.04070143,-0.36631286,-0.39025488,-0.61052144,-0.17956513,0.21068975,0.10534488,0.062249243,-0.12210429,-0.021547815,0.1340753;
Ay:-0.09322423,-0.28715456,0.59391165,1.2140099,1.7646763,1.726369,1.3768156,2.0998645,1.9107226,1.4103345,1.6066589,2.0040965,1.9370588;
Az:8.063821,8.583363,8.959252,9.227403,9.1412115,9.622446,9.450064,9.07178,9.679907,9.737368,9.667936,9.356689,9.488371;
Gx:1.2062287,0.90051913,0.5957073,0.030226797,-0.07347207,-0.3266589,0.17328034,-0.097862996,-0.15008652,-0.27742812,-0.13078327,0.041449618;
Gy:1.8614918,0.6405986,0.5530606,0.50951606,0.42901102,-0.057311203,0.12823942,-0.20635025,-0.5858312,-0.31229368,0.061501056,-0.005087679;
Gz:-1.3398551,-1.1209353,-0.8265981,-0.5457283,-0.56877255,-0.0163105,-0.53450555,0.106691614,0.13841479,0.052223526,-0.25498247,-0.123451024;
Y:156.56935,167.65599,167.23265,165.06752,165.7603,167.0795,169.47328,170.53654,170.8445,170.69148,169.8345,168.65956,167.66525;
P:0.6593309,1.9157487,-3.792567,-7.48928,-10.916622,-10.151275,-8.287841,-13.029457,-11.165459,-8.241093,-9.434689,-12.089408,-11.537306;
R:5.47796,1.1026087,0.26029006,2.2733555,2.4445763,3.6304154,1.0885732,-1.3304405,-0.6235162,-0.36627662,0.72359693,0.13194802,-0.8095634,
T:20,28,13
Label:Exercise
Ax:0.076614454,0.11971009,-0.047884032,0.009576807,-0.090979666,-0.15562311,-0.22505496,-0.21547815,-0.17477672,-0.15801731,-0.062249243,-0.11971009,-0.10534488;
Ay:1.8843864,1.8604443,1.6736966,1.8412907,1.7096096,1.7790415,1.987337,1.8197429,1.7550995,1.8700212,1.8843864,1.8939632,1.9202994;
Az:9.576957,9.751733,9.92651,9.598504,9.617658,9.608081,9.588927,9.766098,9.732579,9.620052,9.560197,9.610476,9.648783;
Gx:0.07616554,-0.055216275,0.05686229,-0.014814123,-0.035164837,-0.07556699,-0.005686229,0.0035913025,0.07990648,0.011671733,0.025737667;
Gy:-0.009427169,-0.15278,0.027682956,-0.121655375,-0.043993454,0.15891513,-0.0724246,0.042646717,0.035763387,0.025887307,0.044741645;
Gz:0.12524667,0.29149407,-0.03875614,-0.01616086,-0.026785132,-0.044592008,0.09920973,-0.013317747,-0.06943185,-0.015562311,0.024091655;
Y:166.79832,166.22972,165.79419,165.27953,164.75676,164.20007,163.8112,163.86937,163.94426,163.86382,163.92123,164.0877,164.29883;
P:-11.131117,-10.800349,-9.570446,-10.859181,-10.079024,-10.4887905,-11.705834,-10.552519,-10.220808,-10.998969,-11.15026,-11.147734,-11.25527;
R:-0.4583493,-0.70331484,0.27638432,-0.05716624,0.54198176,0.9279447,1.3445021,1.2639629,1.0288016,0.94104594,0.37306434,0.7136513,0.6255273,
T:20,28,15
Label:Exercise
Ax:-0.10055647,-0.062249243,-0.050278235,-0.055066638,-0.088585466,-0.01436521,-0.021547815,-0.17956513,-0.02873042,-0.36631286,-0.92895025,0.01436521,0.5410896;
Ay:1.9418472,1.9346646,1.7766473,1.8891748,2.059163,2.0615573,1.9011458,1.9586066,2.0040965,2.130989,2.3751976,1.5731401,0.22041619;
Az:9.68709,9.646388,9.600899,9.562592,9.40218,9.509919,9.773281,9.6823015,9.464429,9.770886,9.519496,9.198672,9.495554;
Gx:0.025139118,0.044891283,0.022595279,-0.023942016,0.042646717,0.03815759,-0.09995792,-0.35823244,-0.9496002,-0.08439561,0.20201077;
Gy:0.06688801,-0.14694414,-0.049230773,0.10310031,0.09202713,-0.052223526,0.021398177,0.1925836,0.4201824,-0.40731356,-1.6701053;
Gz:0.062249243,-0.014664485,-0.050128598,-0.20709845,-0.0966659,0.16340427,0.06928221,0.15771803,-0.09023148,-0.40536827,-0.121056825;
Y:164.37794,164.37144,164.34682,164.26563,164.1688,164.125,164.05571,163.65213,163.29066,162.63998,162.01308,162.91461,163.57915;
P:-11.334525,-11.340465,-10.483853,-11.175201,-12.352723,-12.231296,-11.007952,-11.433975,-11.955747,-12.294934,-13.946108,-9.704723,-1.3275905;
R:0.5947354,0.36973104,0.30004528,0.32993683,0.5398135,0.08654808,0.12632369,1.062469,0.17392774,2.147027,5.573503,-0.089476526,-3.2613854,
T:20,28,15
Label:Exercise
Ax:0.8499416,0.19153613,0.1316811,-0.2777274,-1.5825673,-2.0111294,-3.122039,-2.6048915,-2.5354595,-2.9855695,-2.8419175,-2.2840683,-1.8387469;
Ay:1.0512042,1.2834418,0.3784335,0.90515786,1.0703578,0.56039286,0.071975686,-0.10758944,-0.30870238,0.31857845,0.30421326,0.22041619,0.34970307;
Az:9.471612,9.648783,8.719832,8.408586,10.637588,11.149947,11.116428,9.390208,8.95207,9.574562,10.395774,10.113257,9.469217;
Gx:0.40641573,-0.18599954,-0.028281508,-0.80475104,-0.3286042,-0.70509243,0.16924013,0.12629414,-0.2275988,0.3426701,0.533907;
Gy:-0.66229606,-0.20620061,-0.07496844,0.66005147,0.39579147,0.03172317,-0.17163433,-0.3971382,0.120458275,-0.03561375,-0.0104746325;
Gz:-0.1738789,-0.036661215,-1.345691,0.8705916,1.4900913,1.6124948,-0.015562311,-0.48602295,0.9458593,0.66843116,-0.039205052;
Y:162.63376,160.337,158.63913,156.1781,154.10666,153.28679,152.73718,153.18808,153.67691,153.26047,153.73647,154.41763,154.85881;
P:-6.3078976,-7.575299,-2.4847472,-6.1407285,-5.6836452,-2.83163,-0.3571509,0.6325588,1.9003093,-1.8193848,-1.6168826,-1.2178861,-2.0762546;
R:-5.127742,-1.1372181,-0.8651769,1.8917359,8.461901,10.224574,15.687349,15.504285,15.813503,17.318682,15.2895155,12.726671,10.989024,
T:20,28,16
Label:Exercise
Ax:-1.3455414,-1.2880806,-0.8882488,-1.1540052,-1.0271125,-1.1563994,-0.8475474,-0.9792285,-0.90261406,-0.7469909,-1.0127473,-0.7278373,-0.7685388;
Ay:0.21802199,0.5005378,0.72319853,0.29463646,0.41195232,0.526874,0.43589434,0.39519292,0.47899,0.23956981,0.038456865,0.29703066,-0.30870238;
Az:9.251345,9.04305,9.256133,9.83553,9.931298,9.816377,9.766098,9.718214,9.751733,9.945663,9.725397,9.3112,9.17473;
Gx:0.5883751,0.19841947,0.32366616,0.051475335,-0.06868366,0.22340895,0.03067571,0.084096335,0.1774702,0.12659341,0.03546411;
Gy:-0.24974516,-0.034865562,0.12958616,-0.14320318,0.006584055,-0.05267244,-0.024839843,0.06988076,-0.09696517,-0.0199018,-0.5707178;
Gz:-0.3513491,-0.63536125,-0.4571429,0.20006548,0.08424597,0.030376434,-0.027234044,0.0034416649,0.18854338,-0.45295304,-0.5952584;
Y:155.59023,155.30098,155.36269,154.93028,154.30632,153.4425,153.3873,153.33713,153.86993,154.79439,154.97017,155.39224,155.95726;
P:-1.3359611,-3.1365259,-4.4471993,-1.7041754,-2.3626916,-3.0512276,-2.5460532,-2.3169405,-2.80007,-1.3759922,-0.22534342,-1.8215837,1.9203848;
R:8.275232,8.106607,5.4815054,6.6919317,5.904639,6.7186537,4.9599667,5.7538276,5.2881927,4.2952614,5.9450283,4.4696045,4.7883115,
T:20,28,17
Label:Exercise
Ax:-0.8379706,-1.0319009,-1.4580688,-3.643975,-4.4795513,-6.179435,-5.0302176,-4.43885,-4.8338933,-5.1116204,-5.8083334,-6.5744777,-5.825093;
Ay:-0.588824,0.5412392,-0.9814731,-2.034922,-2.5329158,-4.2974424,-2.748394,-2.2815247,-10.39308,-4.520103,-8.4442,-4.709245,-8.990078;
Az:9.426122,8.475624,8.925734,8.485201,5.9234047,7.541885,8.942493,7.505972,11.482741,4.939388,7.8411603,10.386196,6.3352075;
Gx:-0.019303251,-0.0839467,-0.18450317,-1.6623242,-1.4414591,0.42631754,1.102081,0.43843818,-0.1822586,-0.8363246,-0.5774515;
Gy:-0.7332243,0.5835867,-1.0134956,-1.6867151,-1.4389153,0.4237737,1.055394,-6.157438,0.7757214,-2.7572224,-3.9327755;
Gz:-0.34521395,-1.2849381,-0.7977181,-1.1128548,-0.55455697,1.4368203,0.13482349,4.3812394,-1.6807296,1.5873557,-0.22655134;
Y:156.16325,155.18289,155.63477,153.58359,151.2476,148.56557,148.2258,143.21892,146.71991,126.13545,128.76915,116.587364,117.10312;
P:3.5604606,-3.6271403,6.193587,12.427052,18.832659,23.785797,14.995766,14.661918,39.83489,32.452347,40.871365,20.962343,46.249783;
R:5.080169,6.9415545,9.277642,23.241137,37.098248,39.329437,29.358068,30.59904,22.829647,45.981716,36.52917,32.333874,42.597897,
T:20,28,35
Label:Exercise
 2.930503; 2.4589949; 9.062203;;;;;; 
T:20,28,36
Label:Exercise
Ax:3.110068,2.8562827,2.8921957,2.9759927,2.7150247,2.542642,2.6599581,2.633622,2.7222073,2.765303,2.8299465,2.9257145;
Ay:2.6936266,2.425476,1.9346646,1.6952444,1.6952444,1.8724154,1.9346646,1.642572,1.6928502,2.1621137,2.3153427,2.224363;
Az:8.92334,9.232191,9.007136,9.074174,9.359084,9.543438,9.44767,9.019108,9.229797,9.289652,9.160365,9.011925;
Gx:3.8621466,4.041712,-0.1654992,-0.13826515,-0.3808277,-0.4587889,-0.2677017,-0.30331543,-0.24495676,-0.18779519,-0.14290391;
Gy:-1.7735049,-1.5388732,-0.059855044,-0.081103586,0.022296004,0.2717419,0.36137483,0.047135845,0.4405331,0.4830302,0.31408933;
Gz:0.26515785,0.12629414,-0.094570965,-0.053570263,0.20560206,0.34566286,0.22146365,-0.20036475,0.11671733,0.011372458,-0.10414778;
Y:133.46439,133.5816,134.86375,134.58067,131.33998,127.2065,124.70714,124.56447,123.70449,120.87353,120.80103,123.438515;
P:-15.910002,-14.089194,-11.558074,-10.066152,-9.868505,-10.735061,-11.150818,-9.916271,-9.977358,-12.575133,-13.576698,-13.21166;
R:-19.215073,-17.191175,-17.80185,-18.157574,-16.177187,-14.918667,-15.72438,-16.278053,-16.43273,-16.576984,-17.167686,-17.985981,
T:20,28,37
Label:Exercise
Ax:3.122039,3.098097,2.944868,2.8203697,2.801216,2.779668,2.7964275,2.873042,2.8275523,2.8514943,2.896984,2.789245,2.8778305;
Ay:2.0280385,1.939453,1.9777602,2.1501427,2.1740847,2.14296,2.1238065,2.119018,2.0998645,2.020856,2.0017023,1.8556559,1.9777602;
Az:8.844331,8.932917,9.270498,9.198672,9.102904,9.246556,9.157971,9.122058,9.105299,9.134029,9.064597,9.2609215,9.275287;
Gx:-0.031573534,-0.12794015,-0.26785132,-0.2633622,-0.23927054,-0.18136078,-0.1050456,-0.17178397,-0.15981296,-0.22385786,-0.11971009;
Gy:0.06000468,-0.007182605,0.051325697,0.23657705,0.18779519,0.15861586,0.14230536,0.1261445,0.048482586,-0.09427169,0.04997896;
Gz:-0.23044191,-0.12090719,0.20754737,-0.008828619,0.123451024,0.023493104,-0.009876082,-0.020350715,0.012120646,0.13467385,0.13931261;
Y:127.782555,130.49052,130.7803,129.32259,128.67908,128.59775,128.36098,128.39001,128.68867,129.90312,131.45663,133.03229,133.46478;
P:-12.2010765,-11.592092,-11.493107,-12.597277,-12.85861,-12.513719,-12.505644,-12.493,-12.420796,-11.925212,-11.878722,-10.860882,-11.510974;
R:-19.442976,-19.127472,-17.62298,-17.045864,-17.104582,-16.731647,-16.980286,-17.482107,-17.251617,-17.33751,-17.72353,-16.76148,-17.237478,
T:20,28,38
Label:Exercise
Ax:2.8802247,2.9400797,2.9831753,2.920926,2.9496565,2.9712043,2.9735985,3.004723,2.8682537,2.9759927,2.906561,2.9161377,2.8419175;
Ay:2.0280385,2.020856,1.987337,2.080711,2.0543747,2.0256443,2.035221,2.011279,1.9993081,1.9705776,2.0136733,2.1166239,2.032827;
Az:9.095722,9.110087,9.124453,8.999954,9.098116,9.17473,9.074174,9.074174,9.227403,9.083751,9.146,9.095722,9.136423;
Gx:-0.1285387,-0.096216984,-0.06494272,-0.13602059,-0.09023148,-0.075417355,-0.045938745,-0.17836803,-0.04938041,-0.11581951,-0.14095862;
Gy:0.086490534,0.0525228,0.011222821,0.10040683,0.03995324,0.049081136,0.017806875,0.0031423897,-0.027682956,0.015711948,0.02498948;
Gz:-0.033668462,-0.004489128,0.015562311,-0.1050456,0.0724246,-0.03232172,-0.03007716,0.12240356,-0.027832596,0.03321955,0.012868834;
Y:133.46143,133.2825,132.872,131.78244,131.62917,131.99301,132.38892,132.76672,132.88345,134.03592,134.04968,133.28273,133.37936;
P:-12.00039,-11.920392,-11.696147,-12.401948,-12.122694,-11.862267,-12.031708,-11.882451,-11.689855,-11.648499,-11.85039,-12.494573,-11.9945;
R:-17.570759,-17.886341,-18.104792,-17.980787,-17.962963,-17.944363,-18.143923,-18.32121,-17.26738,-18.139685,-17.630041,-17.77613,-17.278494,
T:20,28,39
Label:Exercise
Ax:2.918532,2.8898015,2.858677,2.885013,2.8802247,2.906561,2.8562827,2.9113493,2.8514943,2.9041667,2.882619,2.885013,2.9257145;
Ay:2.011279,1.9538182,2.0160675,1.927482,2.059163,2.035221,1.9849428,2.0400095,2.035221,1.9562124,1.9921255,2.020856,1.9657892;
Az:9.028685,9.217826,9.193884,9.248951,9.131635,9.138818,9.169942,9.102904,9.122058,9.201067,9.078962,9.153183,9.157971;
Gx:-0.047135845,-0.06838439,-0.09501988,-0.05746084,-0.05312135,-0.07990648,-0.017357962,-0.07826047,-0.022744916,-0.040102877,-0.039205052;
Gy:0.0043394906,-0.049829323,0.023942016,-0.06928221,0.06599019,-0.021098902,0.026036944,0.021547815,-0.06120178,-0.030376434,-0.006434417;
Gz:-0.10070611,0.085293435,0.05746084,0.109834,-0.011222821,0.030825347,-0.036810853,-0.017357962,0.061501056,-0.06075287,0.014963761;
Y:134.08162,134.3557,134.14778,134.56311,133.60637,132.94615,132.19916,131.80269,131.69572,132.32857,132.81044,133.35829,133.75801;
P:-11.967636,-11.434092,-11.826574,-11.251856,-12.136841,-11.981854,-11.676826,-12.049192,-12.02147,-11.461221,-11.812241,-11.891041,-11.556109;
R:-17.913483,-17.40628,-17.272165,-17.324198,-17.505888,-17.643038,-17.300934,-17.73565,-17.358894,-17.51745,-17.61492,-17.494452,-17.71722,
T:20,28,40
Label:Exercise
Ax:2.896984,2.8634653,2.8874073,2.870648,2.896984,2.9616275,2.9903579,2.9999347,2.9592333,2.9855695,2.9951463,3.1148565,3.064578;
Ay:1.963395,2.0040965,1.9562124,1.8652327,2.0998645,2.1118355,2.095076,2.0064907,2.0639515,2.1525369,2.1405659,2.0902877,2.095076;
Az:9.177125,9.227403,9.1412115,9.277681,9.201067,9.066992,9.031078,9.062203,9.081357,9.062203,8.990377,8.978406,9.035867;
Gx:-0.022445641,-0.049230773,-0.015412673,-0.0338181,-0.004189853,0.0398036,0.010025719,-0.046088383,-0.023193829,-0.01810615,0.08245032,0.018555064;
Gy:-0.060453594,-0.021547815,-0.07915829,-0.1707365,0.05566519,0.027234044,-0.12210429,-0.06628946,0.029478608,0.0037409402,-0.043993454,-0.035763387;
Gz:0.036661215,0.0851438,-0.0020949265,0.13512276,0.05925649,-0.059106853,-0.031573534,-0.0070329676,-0.026635494,-0.09382278,-0.10010756,-0.03875614;
Y:133.51868,132.60045,131.59892,131.2697,131.01054,132.01157,132.7219,133.69627,133.94865,133.75346,133.21397,132.51665,131.50867;
P:-11.531257,-11.718753,-11.533508,-10.871925,-12.280829,-12.484066,-12.419788,-11.870491,-12.193574,-12.713162,-12.728874,-12.404805,-12.38431;
R:-17.519577,-17.240263,-17.52961,-17.19282,-17.476767,-18.089025,-18.320667,-18.31651,-18.048616,-18.23462,-18.425507,-19.13307,-18.73473,
T:20,28,41
Label:Exercise
Ax:3.0765493,3.0789435,3.074155,3.0550013,3.086126,3.083732,3.0190883,3.0262709,3.1124623,3.1004913,3.1268275,3.0310593,3.0262709;
Ay:2.092682,2.0280385,2.080711,2.06874,2.0400095,2.008885,2.080711,2.1214123,2.0639515,2.1381717,2.0495863,2.1692963,2.1094413;
Az:9.033473,9.062203,9.083751,9.031078,9.076569,9.035867,9.090934,9.076569,9.069386,9.033473,8.961647,9.038261,9.064597;
Gx:0.037858315,0.030974984,0.015562311,0.05641338,0.05057751,-0.015562311,0.08723872,0.07646482,0.109534726,0.010025719,0.0134673845;
Gy:-0.102651395,-0.04504092,-0.06120178,-0.095768064,-0.12419921,-0.044891283,-0.075417355,-0.007182605,-0.11192893,0.006584055,-0.0676362;
Gz:-0.014215573,0.0068833297,-0.046088383,-0.0023942017,-0.042646717,0.011222821,-0.010175358,-0.045190558,-0.115370594,-0.037259765,-0.010175358;
Y:131.74242,132.77612,133.3108,133.809,134.12022,133.67781,132.2273,131.19705,130.90521,129.94142,130.03732,129.40129,129.70712;
P:-12.368599,-11.963719,-12.241746,-12.242816,-12.012895,-11.8821535,-12.254998,-12.501635,-12.147607,-12.619012,-12.1853285,-12.819766,-12.447604;
R:-18.807413,-18.765533,-18.69703,-18.689466,-18.778559,-18.843584,-18.371265,-18.4392,-18.941368,-18.943375,-19.2345,-18.539322,-18.4619,
T:20,28,42
Label:Exercise
Ax:2.9831753,2.992752,3.0214825,2.9281087,2.956839,2.9616275,3.0071173,2.9999347,3.004723,2.9712043,2.992752,2.9999347,2.96881;
Ay:2.0136733,2.059163,1.9801544,1.9777602,1.9657892,2.02325,2.0400095,2.0902877,2.020856,1.9993081,2.0136733,2.0160675,2.1022587;
Az:9.112481,9.031078,9.1412115,9.210644,9.167548,9.160365,9.031078,9.078962,9.0933275,9.1651535,9.023896,9.028685,9.098116;
Gx:-0.016460137,0.05686229,-0.024091655,0.024540568,0.028580783,0.069731124,0.05805939,0.029628245,0.05626374,0.058209028,0.033967737;
Gy:-0.15652093,-0.1818097,-0.15218145,-0.14410101,-0.081702136,-0.07451953,-0.0338181,-0.14544775,-0.13332711,-0.12749124,-0.032770637;
Gz:0.03172317,0.046986207,0.104895964,0.05057751,0.04249708,-0.08304887,-0.031573534,0.05925649,-0.08304887,-0.07736264,-0.012120646;
Y:130.16194,130.85294,132.25539,132.57666,133.23909,133.66788,134.01477,133.4909,133.35637,133.10562,132.68744,132.43124,131.7125;
P:-11.860453,-12.212398,-11.622198,-11.564991,-11.534359,-11.868511,-12.096578,-12.331388,-11.915391,-11.723097,-11.958772,-11.96426,-12.3891735;
R:-18.127022,-18.334354,-18.290483,-17.635714,-17.876238,-17.916483,-18.416433,-18.28495,-18.28519,-17.96191,-18.34797,-18.379948,-18.072044,
T:20,28,43
Label:Exercise
Ax:2.980781,2.9879637,2.930503,2.9903579,2.8921957,2.9616275,2.9616275,2.920926,3.0430303,3.0478187,3.1148565,2.9520507,2.932897;
Ay:2.035221,2.1333833,1.9897312,2.080711,2.0543747,2.035221,2.1142297,1.951424,1.6928502,2.1214123,2.425476,2.2866123,1.8963574;
Az:9.086145,9.04305,9.134029,9.220221,9.098116,9.081357,8.932917,9.289652,9.406968,8.911368,8.827571,9.047838,9.229797;
Gx:0.06419453,0.07182605,0.07930793,-0.0077811554,0.06688801,0.05761048,-0.0011971008,0.14514847,0.17223288,-0.011821371,0.015412673;
Gy:-0.092176765,0.01436521,-0.033967737,-0.06374562,-0.09202713,-0.025887307,-0.17657238,-0.40043023,0.2252046,0.047884032,-0.31902736;
Gz:-0.03172317,-0.07691373,0.09756372,-0.027234044,-0.043544542,-0.18599954,0.17372926,0.27518356,-0.2645593,-0.02813187,0.13317747;
Y:130.76842,129.05295,129.25182,129.56659,130.1943,131.06494,131.07161,131.32617,131.84465,129.71074,128.9479,130.58652,133.33441;
P:-12.015078,-12.626007,-11.718299,-12.115295,-12.144335,-12.027907,-12.661487,-11.331518,-9.71604,-12.693856,-14.526139,-13.50981,-11.079028;
R:-18.162481,-18.284355,-17.787983,-17.969229,-17.634912,-18.062271,-18.342472,-17.454605,-17.92571,-18.88144,-19.435667,-18.070023,-17.628382,
