T:22,57,31
Label:Other WashDishes
Ax:0.37678748,0.3672107,0.30256724,0.33129767,0.28341362,0.27862522,0.26904842,0.37918168,0.2594716,0.22595279,0.28101942,0.27383682,0.27862522;
Ay:-8.933814,-8.826075,-8.909872,-8.8188925,-8.866776,-8.909872,-8.852411,-8.778191,-8.768614,-8.811709,-8.725518,-8.74946,-8.775797;
Az:3.7982514,3.769521,3.7862804,3.8509238,3.7982514,3.889231,3.8365586,3.9634514,4.0137296,4.0759788,4.018518,3.9754224,4.0735846;
Gx:0.2605191,0.20515315,0.25438392,0.22146365,0.23493104,0.23582886,0.34566286,0.20036475,0.26126727,0.25602993,0.25558102;
Gy:0.1050456,0.10684125,0.19961657,0.14155717,0.0911293,0.14021043,0.18091187,0.08693945,0.17223288,0.14260463,0.11626842;
Gz:-0.0038905777,-0.068534024,-4.4891282E-4,-0.07706337,-0.0034416649,-0.075417355,-0.024690205,-0.045340195,-0.10474633,-0.16011223,-0.061650693;
Y:-69.19784,-69.195816,-69.955124,-69.2523,-69.87427,-69.90916,-70.1422,-68.71691,-70.31765,-70.78935,-70.171776,-70.4559,-70.47693;
P:66.86582,66.77531,66.91106,66.33311,66.75359,66.36453,66.51717,65.60225,65.359375,65.14293,65.21854,65.51364,65.048935;
R:-5.6652207,-5.563955,-4.5688815,-4.917089,-4.267324,-4.097679,-4.011445,-5.4648304,-3.6987967,-3.1729567,-4.000245,-3.9404492,-3.9128249,
T:22,57,31
Label:Other WashDishes
Ax:3.4389715,0.73591775,0.082300685,-0.0398036,0.053570263,-1.0573393,-3.904045,-9.913491,-7.164948,-3.4347816,-4.6151233,-3.4706945,-4.0883985;
Ay:-8.60102,-11.371111,-8.782979,-7.164499,-7.9162784,-6.7096004,-5.3736362,-2.4072201,-6.5156703,-5.6537576,-8.634539,-7.6457334,-9.132533;
Az:6.393566,4.7272015,4.770297,3.9419034,4.32737,4.054431,4.322582,7.851635,7.557148,3.8964136,5.6058736,3.8700774,3.8700774;
Gx:3.2974143,0.3890578,0.11222821,0.5599439,-0.025139118,-2.2290018,-7.0388036,-2.7454011,1.570746,0.0104746325,0.18989012;
Gy:-0.1925836,-2.932149,-0.2534861,0.8515876,1.1936592,2.2043116,4.500201,-0.6811504,0.28431144,-2.098817,-1.4645033;
Gz:1.3488334,-0.25617957,-0.0688333,-1.6754923,-1.6591818,-1.6724995,1.5117887,1.0305542,-2.0914848,-0.05626374,-0.4966472;
Y:-51.813194,-71.949005,-76.99409,-78.16078,-76.34895,-85.8676,-93.66522,-64.304085,-79.50168,-85.42199,-82.208084,-84.76476,-89.59426;
P:49.833668,67.18216,61.488724,61.17919,61.33529,58.015915,42.693756,10.777419,32.03328,47.42578,49.937862,55.78795,58.348885;
R:-28.27492,-8.848622,-0.98841095,0.57852787,-0.7092514,14.616398,42.087536,51.620243,43.47399,41.396946,39.463455,41.885826,46.571377,
T:22,57,31
Label:Other WashDishes
Ax:0.30496144,0.043993454,0.1062427,0.005686229,0.17088614,0.017657237,-0.09008184,-0.10444705,-0.1643021,-0.81073654,1.949778,1.1501147,0.7814076;
Ay:-8.852411,-8.359205,-8.732701,-8.598626,-8.574684,-8.536377,-8.550742,-8.608203,-8.900295,-3.8102224,-10.023176,-9.173234,-8.979304;
Az:4.4614453,4.1837177,4.396802,4.3896194,4.5476365,4.494964,4.5260887,4.743961,4.8421235,4.8086042,5.4478564,5.574749,5.1318216;
Gx:0.33608606,0.10594343,0.23089083,0.32635963,0.17223288,0.109834,0.15457565,0.1364695,-0.43948564,0.89707744,0.5187936;
Gy:-0.025438393,0.4245219,0.015861586,0.12449849,0.13033436,0.08499416,0.004189853,-0.31783026,4.6933837,-0.77497315,-0.6548142;
Gz:0.18899229,-0.17687166,-0.03247136,0.023044191,-0.091578215,-0.11671733,0.061052144,0.10684125,-0.06180033,0.5174468,-0.04563947;
Y:-70.510704,-73.24465,-72.33823,-73.0786,-70.76302,-72.410164,-73.74369,-73.689064,-74.37385,-70.9705,-56.52069,-63.27865,-67.33706;
P:63.19906,63.411114,63.268623,62.955563,62.04374,62.230057,62.10209,61.13507,61.43817,38.00223,60.002686,58.179676,59.96762;
R:-3.9103618,-0.6024657,-1.3842046,-0.07421982,-2.151986,-0.22506963,1.140196,1.2612685,1.9434048,9.570134,-19.692198,-11.657022,-8.657761,
T:22,57,32
Label:Other WashDishes
Ax:0.23552959,0.26904842,0.252289,0.21398178,0.22834699,0.2570774,0.37439328,0.17088614,0.26426002,0.23552959,0.28820202,0.19003975,0.21398178;
Ay:-8.739883,-8.754249,-8.775797,-8.751855,-8.780585,-8.701576,-8.713548,-8.715941,-8.751855,-8.778191,-8.802133,-8.656087,-8.830863;
Az:4.066402,4.0831614,4.030489,4.0855556,4.056825,4.080767,3.9682398,4.0376716,4.1669583,4.104709,4.0592194,4.1454105,4.090344;
Gx:0.20949265,0.24824879,0.19542672,0.21757308,0.25438392,0.3616741,0.15891513,0.26021978,0.26994625,0.18091187,0.23328502;
Gy:0.1503858,0.13078327,0.12958616,0.09546879,0.1731307,0.16115971,0.14933833,0.10639234,0.055066638,0.19078794,-0.0023942017;
Gz:-0.07287352,-0.06748656,-0.072574235,-0.11282676,-0.09187749,-0.20425533,-0.15487492,-0.040402155,-0.15023616,-0.08574235,-0.17911622;
Y:-71.053116,-70.63838,-70.99626,-71.486275,-71.39561,-70.846596,-69.527214,-72.12626,-71.13393,-71.76361,-71.16969,-71.96835,-71.94166;
P:65.01217,64.9471,65.28944,64.945724,65.167496,64.831245,65.4191,65.124435,64.495155,64.90292,65.18776,64.386734,65.11715;
R:-3.3149185,-3.7698944,-3.581764,-2.9981382,-3.2216148,-3.6047168,-5.389756,-2.4234798,-3.6287224,-3.28405,-4.0611496,-2.624796,-2.9946349,
T:22,57,32
Label:Other WashDishes
Ax:-3.5353382,-3.746028,-3.9184103,-4.22008,-3.4539351,-3.2360628,-3.463512,-3.4371758,-3.3174658,-3.3174658,-3.391686,-3.3007064,-3.202544;
Ay:-7.5403886,-8.335263,-7.748684,-7.7415013,-8.098238,-8.294562,-8.184429,-8.15091,-8.502858,-8.215553,-8.186823,-8.174852,-8.445396;
Az:4.11668,3.8796542,4.004153,3.8724716,4.054431,3.5660138,3.6378398,3.7862804,3.580379,3.5612254,3.7719152,3.6665702,3.5779848;
Gx:0.6319196,0.32142156,0.11148002,-0.18854338,0.52388126,0.23388357,0.22580315,0.31184477,0.2841618,0.20006548,0.24765024;
Gy:0.3302502,-0.44158056,0.20859483,0.207697,-0.11731588,0.07152677,0.1364695,-0.20919338,0.11791443,0.1352724,0.16295536;
Gz:0.010923545,-0.28191724,-0.07167641,-0.21772271,-0.026485857,-0.14903906,0.0350152,-0.19003975,-0.14754269,0.028281508,-0.083497785;
Y:-85.27969,-90.2371,-91.97528,-95.93899,-91.454285,-93.78092,-95.26294,-94.13838,-94.741,-94.7051,-93.498886,-93.17927,-92.71477;
P:54.259594,57.09672,54.132458,53.503998,56.667286,59.862476,58.461838,57.896664,60.14207,59.356842,58.217617,58.88967,60.378204;
R:40.65545,43.9961,44.379936,47.45958,40.427395,42.222908,43.593754,42.23309,42.81721,42.970463,41.961708,41.99406,41.83074,
T:22,57,33
Label:Other WashDishes
Ax:-3.2552166,-3.295918,-3.3485904,-3.343802,-3.283947,-3.2169092,-3.2408512,-3.2528224,-3.2671876,-3.3892918,-3.3701382,-3.2647934,-3.6119525;
Ay:-8.363994,-8.383147,-8.320898,-8.296956,-8.299351,-8.457368,-8.366388,-8.421454,-8.385542,-8.426243,-8.194006,-8.354417,-8.533982;
Az:3.5516486,3.5013704,3.4630632,3.568408,3.5899558,3.4654574,3.4199674,3.3768718,3.4582746,3.508553,3.4893994,3.616292,3.6019268;
Gx:0.25378537,0.21712416,0.18016368,0.20156185,0.26306292,0.3024176,0.23508067,0.22251113,0.11282676,0.15128362,0.24854806,-0.14036007;
Gy:0.024690205,0.004189853,0.06494272,0.08499416,0.08095395,-0.057311203,0.012569559,0.055066638,0.007631518,0.22221185,0.055964466,-0.097862996;
Gz:-0.121056825,-0.17058687,-0.19722237,-0.08484452,-0.06539164,-0.17103578,-0.21113867,-0.112377845,-0.066139825,-0.10758944,-0.0023942017,0.0028431145;
Y:-92.94706,-93.44702,-94.14178,-93.56448,-93.23573,-93.96117,-94.703026,-95.20572,-94.44862,-94.63481,-94.42506,-92.779175,-95.36023;
P:60.057636,60.161255,59.932007,59.48478,59.619534,60.790966,60.613537,60.892727,60.43158,59.931973,59.372875,59.750748,59.13212;
R:42.506405,43.268723,44.037212,43.13888,42.45102,42.869884,43.45963,43.928055,43.372524,44.009476,44.003944,42.075768,45.079628,
