T:22,59,18
Label:WatchTV
Ax:5.9073935,6.3120136,6.221034,6.108506,6.45806,6.0294976,6.0271034,6.139631,6.1468134,5.8020487,5.756559,5.8020487,6.010344;
Ay:-6.5156703,-6.465392,-5.6417866,-5.7471313,-5.433491,-6.2379427,-6.2020297,-6.4725747,-6.4007487,-6.3241343,-7.0184526,-6.242731,-5.869236;
Az:-4.2630258,-4.7322893,-4.667646,-4.6484923,-4.279785,-3.98051,-4.160075,-4.4425907,-4.6413097,-4.610185,-4.097826,-4.3707647,-4.1026144;
Gx:-0.3990835,-0.018255789,-0.20994157,0.041449618,-0.4149451,-0.34970307,-0.08125322,-0.115969144,-0.084096335,-0.051624972,0.10729016;
Gy:-0.2829647,0.43155485,0.2275988,0.5175965,-0.20709845,-0.03127426,-0.19662382,0.034865562,-0.55021745,0.32516253,0.6736685;
Gz:-0.07347207,-0.15577275,-0.11522096,0.14544775,0.29373863,0.014664485,-0.19003975,-0.05940613,0.39893386,-0.038307227,0.20021512;
Y:29.827765,29.49879,28.449606,28.124104,25.961306,26.082949,25.28089,24.674242,24.279783,24.87746,25.054398,25.35193,24.317333;
P:41.809444,39.336224,35.957367,36.82241,35.042973,40.80713,40.26054,40.500156,39.72727,40.476967,44.80606,40.675545,38.887524;
R:-125.81581,-126.8599,-126.88093,-127.27066,-123.532616,-123.43171,-124.61452,-125.88921,-127.05557,-128.46991,-125.44529,-126.991234,-124.31715,
T:22,59,18
Label:WatchTV
Ax:6.1731496,5.7733183,5.7517705,5.8810573,5.488408,4.746206,4.549881,4.121319,4.456507,4.736629,4.564246,4.7007155,4.7557826;
Ay:-6.2116065,-6.228366,-4.6936827,-4.9857755,-5.859659,-7.3727946,-8.3807535,-9.031977,-7.9904985,-7.5284176,-7.4805336,-7.571513,-7.487716;
Az:-5.311686,-5.16564,-6.104167,-4.8400283,-3.5519478,-4.253449,-3.7889738,-4.203171,-3.863194,-3.4920928,-4.0212116,-3.7410898,-3.6812348;
Gx:0.28745383,-0.06988076,-0.121056825,-0.55590373,-1.0942998,-0.8367735,-0.80071086,-0.1834557,-0.14050971,-0.092176765,-0.060303956;
Gy:0.36376902,0.30810383,1.0648212,0.12868834,-1.0664672,-1.5680525,-1.7826328,-0.4786907,0.29583356,0.15786767,0.22071546;
Gz:-1.0344448,-0.7721301,0.011372458,1.3242928,0.4679168,0.76539636,0.20051439,0.40462008,-0.33833063,-0.07287352,8.9782564E-4;
Y:26.699057,27.585426,28.534105,28.280691,30.345606,41.35025,48.88622,59.839348,60.120266,59.498592,63.374443,61.172398,59.02918;
P:37.33417,38.798508,29.232695,33.20847,41.87033,49.15895,54.758995,56.905712,53.56863,51.986237,50.882927,51.569366,51.228897;
R:-130.71034,-131.82039,-136.7025,-129.4539,-122.90984,-131.86603,-129.78629,-135.56335,-130.9209,-126.399605,-131.38083,-128.51472,-127.74182,
T:22,59,19
Label:WatchTV
Ax:6.900987,7.116465,6.9512653,6.78846,6.7022686,6.206669,6.012738,6.1923037,6.4556656,6.2880716,6.2497644,6.08217,6.3000426;
Ay:-4.528483,-5.265897,-5.1916766,-4.480599,-5.708824,-6.319346,-5.6417866,-6.546795,-6.295404,-5.9602156,-6.1517515,-6.4342675,-6.2930098;
Az:-4.0547304,-3.7985506,-3.956568,-4.5646954,-4.9860744,-4.097826,-4.085855,-4.411466,-4.2582374,-4.303727,-4.1385274,-4.2606316,-3.851223;
Gx:0.10788871,-0.09053075,-0.19033903,-0.0923264,-0.38681322,-0.47554833,0.12434885,-0.0104746325,-0.032770637,-0.20081367,0.0043394906;
Gy:0.06928221,0.10818799,0.9983821,-0.042197805,-0.5526117,0.26635495,-0.17043723,0.24331075,0.07826047,-0.20530279,-0.07855974;
Gz:0.5126584,0.34401685,-0.38771105,-0.75596917,0.3115455,0.29209262,0.05117606,-0.05925649,0.090979666,-0.030226797,0.38157588;
Y:33.46739,31.87048,30.859634,29.92311,30.617815,30.375845,29.28608,30.21302,29.245514,29.243387,28.979134,29.550222,27.946072;
P:29.500116,33.135994,32.98715,28.71044,34.348827,40.353607,37.814262,40.731087,39.146805,38.032425,39.375504,40.90726,40.439537;
R:-120.436714,-118.091934,-119.647964,-123.91768,-126.646965,-123.433975,-124.19741,-125.46649,-123.40935,-124.388794,-123.5121,-125.011696,-121.437485,
T:22,59,19
Label:WatchTV
Ax:4.774936,4.6671968,4.636072,4.585794,4.513968,4.609736,4.549881,4.478055,4.870704,5.0167503,5.035904,5.1627965,5.071817;
Ay:-7.3201222,-7.5356,-7.6960115,-7.8923364,-7.854029,-7.863606,-7.8468466,-8.0312,-7.777415,-7.547571,-7.154922,-7.0663366,-7.071125;
Az:-3.6070144,-3.470545,-3.602226,-3.5160348,-3.4274495,-3.4657567,-3.6309564,-3.707571,-3.4801219,-3.5567362,-3.4154785,-3.5088522,-3.9134724;
Gx:-0.051325697,-0.15322891,-0.15188217,-0.12434885,0.008828619,-0.027383681,-0.09995792,0.21772271,0.1683423,-0.14290391,-0.3438672;
Gy:0.41240123,0.2335843,0.09172785,0.013317747,0.026785132,0.033069912,-0.1738789,0.0362123,0.20679916,0.43918636,0.3067571;
Gz:0.0104746325,0.07571663,-0.052971713,0.14499883,0.10414778,-0.0077811554,-0.036661215,0.18959084,-0.0163105,-0.0899322,-0.39085343;
Y:56.532505,54.864807,54.2319,53.155483,52.26248,51.306244,51.78841,52.3427,49.01862,48.313877,46.642044,45.208656,45.489582;
P:50.734035,52.338287,52.661118,53.789295,54.184456,53.74331,53.4305,54.099636,52.414707,50.827374,49.620583,48.54301,47.824764;
R:-127.06761,-126.63463,-127.84719,-127.478226,-127.20935,-126.937096,-128.59103,-129.6228,-125.545845,-125.33559,-124.14612,-124.20166,-127.65419,
