T:22,04,38
Label:WearShoes
Ax:-2.3690627,-1.9716251,-2.445677,-3.063381,-4.0665517,-7.3202715,-8.850166,-8.507795,-10.073604,-12.340913,-11.653777,-11.502942,-10.289082;
Ay:-8.47712,-6.396559,-4.821174,-1.2681787,-6.521057,-7.1890397,-9.19538,-4.44289,-2.5802011,-2.5371056,-7.5960536,-0.8180688,-0.03995324;
Az:3.0585926,3.2190042,1.9285295,-5.2157683,-3.989937,-5.9890957,-4.830302,-3.3147724,-2.0626047,-0.6476316,-1.1025299,-0.44891283,-2.1894975;
Gx:0.5270237,-0.02813187,-0.6642413,-1.4296377,-2.9686604,-2.2861633,-1.3193548,-3.2761657,-2.5154083,-2.2001216,-0.74549454;
Gy:2.605041,4.3912654,8.238298,2.1778257,0.34880525,-2.8250084,1.228824,0.66020113,-4.8021703,1.9674352,2.2152352;
Gz:0.23567922,-0.4079121,-5.005079,-0.3091513,-1.4706384,-1.2939163,0.17971477,1.2969091,1.1010334,0.9189245,-2.1051018;
Y:166.59917,172.90205,152.09822,89.16229,77.15079,77.03405,77.923775,72.55582,69.57901,73.6237,96.82604,92.59227,105.04643;
P:65.46905,59.453724,57.136757,11.840917,48.858246,37.238228,42.36519,25.946922,14.086325,11.601753,32.98006,4.0648413,0.21761006;
R:37.759922,31.487274,51.742588,149.57297,134.45515,129.28839,118.625114,111.286674,101.57156,93.004036,95.404495,92.234886,102.01324,
T:22,04,39
Label:WearShoes
Ax:-11.110293,-11.773487,-8.993818,-11.136629,-7.1670427,-6.9252286,-5.333084,-7.3298483,-9.973047,-13.447034,-13.056779,-8.469488,-9.068039;
Ay:2.217779,-2.091784,-8.5681,-7.6583033,-5.891382,-7.4236712,-4.299238,-1.794903,-0.23867199,-2.4150014,-1.177199,-12.683732,-2.9034185;
Az:-1.9117701,0.51355624,7.1407065,-0.7386112,0.12808979,-6.314707,-5.433641,-5.2660465,-4.152743,-0.7553706,-1.4257472,-0.59256494,-1.9333179;
Gx:-1.5791256,-0.13572131,-2.7905917,2.247557,2.8205192,4.296844,2.306963,-4.169951,-4.364929,-0.34476504,-1.2385504;
Gy:4.5192056,-4.7228622,-3.4208653,-3.6161423,-6.9407907,-4.297742,-1.1261727,0.7627029,3.0160956,-8.240094,1.2268788;
Gz:-2.0895395,8.849718,2.1874025,1.6650176,-7.2939353,-7.2876506,-6.955904,-0.6512229,0.3179799,2.6349685,2.2872107;
Y:116.85373,151.11232,-173.35823,164.22726,169.4846,148.20366,152.13905,161.42366,172.12206,-173.67012,-169.68005,-164.39497,-170.5079;
P:-11.129318,10.065183,36.726654,34.45638,39.416065,38.38317,29.452637,11.247793,1.2656251,10.165728,5.121577,56.20258,17.387617;
R:99.76339,87.50236,51.551933,93.79445,88.97611,132.35983,135.53511,125.69493,112.60668,93.21514,96.23178,94.00216,102.03534,
T:22,04,40
Label:WearShoes
Ax:-7.315483,-7.8637557,-10.461464,-10.444705,-11.366472,-11.6825075,-10.344149,-10.564415,-10.33936,-10.557233,-8.160637,-4.8255134,0.20231004;
Ay:-8.929625,-2.3264158,2.562544,-0.9712977,-5.379023,-10.212916,-2.9417257,-3.5618238,-3.2577603,-2.517952,-3.4157777,-4.1388264,-3.243395;
Az:-3.8654387,-1.1168951,0.22146365,0.9540894,-0.5590461,-2.7641058,0.01316811,-0.35553896,-0.03232172,0.2645593,1.0019734,1.2797008,-0.22625206;
Gx:0.7284359,0.63416415,-1.137994,-2.1733365,-2.6590602,-1.5646108,-1.7302597,-1.4603134,0.16699557,2.5594015,6.218789;
Gy:-4.4820952,2.2881086,1.8216882,-2.1824646,-6.407632,1.3486837,0.6337153,0.8939351,0.87433255,0.76569563,2.3160908;
Gz:-0.4468179,0.5153519,-0.37095162,-1.7591397,-3.2833483,0.84096336,0.370802,-0.3465607,-1.8993502,-2.9132946,-5.6175456;
Y:175.14105,-178.45358,-171.0801,-166.30484,-165.65555,-165.08301,-148.89256,-150.67697,-153.34473,-157.64565,-161.62296,-163.40398,55.573013;
P:47.182713,16.325346,-13.760676,5.2909956,25.298443,40.388416,15.874971,18.62187,17.488691,13.410652,22.560333,39.660072,84.6539;
R:117.85159,98.083694,88.78726,84.78071,92.81576,103.31151,89.92706,91.92753,90.17911,88.56449,83.00018,75.14735,-138.19756,
T:22,04,41
Label:WearShoes
Ax:-0.92057055,-2.0410569,2.5318682,-2.0506337,-2.7497406,-2.7760768,-2.6803088,-2.4289176,-2.1775265,-2.1894975,-2.244564,-2.1703439,-2.2517467;
Ay:-4.689493,-19.681385,-7.0956655,-7.8665986,-8.517821,-8.948778,-8.290372,-8.821885,-8.527398,-8.618378,-8.726117,-8.730906,-8.654291;
Az:0.7146692,18.479647,5.852626,5.6179943,3.2333694,3.915717,3.90614,4.092888,4.31076,3.867833,3.8414967,3.7337575,3.8151605;
Gx:3.6300588,1.7025766,5.618294,-0.43260232,-0.2685995,-0.114173494,0.0887351,0.2240075,0.10399814,0.10220248,0.020350715;
Gy:1.1563994,-13.405734,0.9108441,-0.12479776,-0.39803603,0.29777884,-0.21293432,0.15113398,0.09950901,0.069132574,0.15696985;
Gz:-5.7109194,11.939585,1.1049241,-1.2789526,-0.17911622,-0.072574235,0.12823942,0.42661682,0.006434417,0.05057751,0.15846622;
Y:-156.7695,-137.66512,-123.37895,-157.94476,176.78738,174.21716,169.99516,170.98393,173.59862,170.27199,169.27704,169.53806,169.3487;
P:76.04374,46.630356,48.054295,52.756245,63.51257,61.791805,60.255424,61.653446,60.474804,62.719563,62.98438,63.680824,62.89224;
R:52.176632,6.3027105,-23.393492,20.052675,40.378696,35.335022,34.457073,30.686943,26.80005,29.513271,30.297493,30.168413,30.549538,
T:22,04,44
Label:WearShoes
Ax:-1.9716251,-2.2517467,-2.1751323,-2.3786395,-1.9333179,-2.337938,-2.3546975,-1.7202339,-0.8319851,0.23104046,-0.45609543,-4.8997335,-6.343437;
Ay:-9.219322,-8.991874,-8.668656,-8.668656,-9.339032,-8.879346,-8.316709,-9.250447,-6.69344,-5.7740664,-6.2983966,-9.300725,-7.0022917;
Az:4.021062,3.5326445,3.858256,3.4799721,3.4153287,2.4600422,3.551798,3.2908301,4.1455603,1.9357121,-0.415394,-3.1040826,-5.807136;
Gx:0.24316111,-0.07691373,0.039055414,-0.14844051,0.30855274,-0.11447277,0.46986207,1.2880806,2.1651065,1.2029368,-3.0379426,-3.479224;
Gy:-0.40895957,-0.1340753,0.22550388,0.2124854,-0.45055884,0.117016606,-0.23178865,2.4193408,3.5107975,3.2930748,0.26919806,1.7021278;
Gz:0.32710782,-0.070180036,0.37065235,-0.030376434,-0.06898294,-0.7480384,0.122253925,1.2069769,-0.5585972,-1.6086043,-2.044798,-2.3139958;
Y:175.31367,168.51593,171.4332,166.24625,171.8609,158.10411,168.55081,175.59795,-165.89618,-148.08994,72.321465,81.920746,71.34345;
P:64.09116,65.01945,62.935787,64.06816,67.20629,69.0826,62.869617,68.12844,57.719532,71.344185,84.405914,58.050995,39.152786;
R:26.119843,32.513885,29.412584,34.35349,29.512934,43.542194,33.542755,27.597668,11.348108,-6.806443,132.32605,122.35511,132.47272,
T:22,04,45
Label:WearShoes
Ax:-7.097611,-8.713697,-10.782288,-11.383232,-10.279505,-6.803124,-10.056845,-11.543644,-10.41358,-8.76637,-7.7608047,-10.435128,-7.657854;
Ay:-6.657527,-6.9065237,-4.258537,-4.354305,-2.7262475,-4.7517424,-4.952855,-2.1683986,-1.0910078,-4.9696145,-4.320786,-9.626337,-5.5897126;
Az:-5.2852,-5.2540755,-3.4512417,-4.11683,-3.4488475,-4.483143,-4.104859,-0.7625532,-1.5741876,-1.9285295,-1.1073183,-2.0362685,-1.8614918;
Gx:-2.387468,-3.3484406,-3.2571619,-1.7571944,1.6530466,-1.3931261,-1.1575965,0.30526072,1.0093056,-1.996465,0.69057757;
Gy:-0.23956981,1.3021464,0.03696049,0.6964134,-1.4589666,-1.7182887,2.0238485,-1.401805,-0.25887305,-5.2205567,-1.2156559;
Gz:-1.8330606,-0.29074585,-0.822109,-0.009726444,-0.7649474,-0.84141225,-0.6817489,-0.85682493,0.55335987,0.31932664,0.84844524;
Y:68.56801,65.57085,64.920746,65.370735,69.47307,77.76481,90.58767,100.933876,111.52438,136.33208,151.26614,156.89151,157.28917;
P:36.955086,34.167217,20.614145,19.784525,14.113745,30.2515,24.511398,10.616058,5.9142256,28.97138,28.861914,42.158207,35.347218;
R:126.67303,121.088615,107.749054,109.8829,108.546974,123.3842,112.2036,93.77937,98.59614,102.406975,98.1202,101.04171,103.66262,
T:22,04,47
Label:WearShoes
Ax:-12.568362,-13.643358,-10.80623,-9.101558,-6.70975,-5.249287,-4.8757915,-6.6882024,-12.565968,-12.532449,-14.105439,-7.406463,-9.487024;
Ay:-14.352491,-0.47809216,-8.038981,-8.517821,-8.223334,-6.983138,-2.707094,-1.9529204,-5.556194,-3.346346,1.0996867,-5.4460607,-1.5171757;
Az:-14.97214,5.306748,-0.7649474,0.21188685,-3.0178912,-2.4648306,-2.2301989,-4.009091,-1.4065934,-0.12330139,4.0066967,-1.4927847,-7.621941;
Gx:-4.22412,-2.3518543,0.06688801,2.8678048,4.270657,4.5795093,2.5805006,-4.7809215,-6.4140663,0.48961425,-1.6448165;
Gy:-9.910499,-4.027945,-5.6586957,-6.169259,-5.1946697,-0.89782566,0.16983868,2.6013002,7.1432505,-0.14065935,3.091064;
Gz:-12.361563,2.1686978,2.1963809,-3.4914942,-3.9956234,-4.0999207,-6.4086795,-0.9669582,4.706851,0.8900445,-3.9562688;
Y:135.06903,179.85474,158.00934,163.01862,146.76898,150.5304,157.67126,161.11978,-179.99034,-173.04265,-160.95908,177.56683,151.98529;
P:36.286625,1.8705356,36.577785,43.09472,48.181835,50.29194,26.789246,14.060332,23.721535,14.949332,-4.2888713,35.784695,7.1063967;
R:139.98822,68.74586,94.04907,88.66638,114.21712,115.15265,114.57947,120.93962,96.38691,90.56369,74.142624,101.395386,128.77864,
T:22,04,48
Label:WearShoes
Ax:-9.096769,-9.281123,-10.064027,-8.74961,-7.5788455,-9.259575,-6.585252,-11.641806,-10.609905,-7.1766195,-11.653777,-9.355343,-9.982624;
Ay:-6.8203325,-6.281637,1.4492402,-3.066224,-2.5754128,-3.5330935,-0.90186584,-5.2521305,-0.74384856,3.5441668,-6.521057,-2.884265,-7.253683;
Az:-4.1814733,-1.3347675,3.8630445,1.5215151,1.7274165,0.961272,5.9005103,1.3371617,-1.5310919,-4.0665517,-2.6132712,-1.2605472,1.5167267;
Gx:-1.1730092,-1.098789,0.2777274,1.4760253,-0.3139397,2.4108114,-2.769044,-1.4850036,-2.515857,-0.30211833,-1.1921628;
Gy:-1.773056,-1.4501381,0.7508815,0.7969699,0.13213001,2.689287,-1.6576854,2.4127567,-3.1428387,0.8454525,-2.9062617;
Gz:-1.3685856,1.09011,1.1894693,0.051475335,-0.6863877,4.368969,-0.79038584,-3.2465374,-3.7352538,-1.8083705,1.5376761;
Y:154.82867,158.04994,174.49684,166.61308,176.85854,-177.65201,-145.1911,-157.67546,-155.17462,-148.36092,-150.98665,-142.76576,-135.77788;
P:34.263874,33.819164,-7.656835,19.047737,18.331009,20.782827,5.8238883,24.141794,3.969396,-23.251492,28.634823,16.990025,35.69295;
R:114.68662,98.18389,69.00086,80.135185,77.16014,84.073135,48.13906,83.4478,98.21153,119.537575,102.63906,97.673874,81.36074,
T:22,04,49
Label:WearShoes
Ax:-11.416751,-13.475764,-11.498154,-9.443929,-6.314707,-2.4959552,0.14724341,1.816002,-4.3514614,-1.0402806,-1.3994108,-2.7138276,-2.4289176;
Ay:-7.5697174,-2.0606594,-2.5394998,-4.1867104,-1.9624972,-3.8515224,-3.576189,-2.7334301,-19.540726,-6.616825,-7.6080246,-8.091654,-8.2855835;
Az:2.0362685,-1.4736311,-0.1352724,-0.020350715,0.32680854,1.827973,1.3443443,0.9923966,17.802086,7.2005615,5.9723363,5.21098,5.4408236;
Gx:-2.8752866,-4.633379,-2.24621,1.8154035,4.203919,5.0691237,5.4530935,-1.1888708,1.9659389,-0.29328972,0.14739305;
Gy:-2.8220155,2.029834,0.6853402,2.5809495,1.4908395,2.1290438,2.8007672,-13.872903,0.2757821,-0.7246949,-0.6787562;
Gz:2.8589761,-0.35419223,0.2817676,-2.744204,-2.9409776,-4.932205,-6.2404866,10.450541,0.9057564,-0.79248077,-0.18689737;
Y:-138.03847,-149.41937,-154.31339,-162.00061,-165.71204,-152.58858,-110.4476,-93.71076,-143.93321,-145.35297,-154.87125,-173.56139,-176.51186;
P:33.13389,8.643349,12.453658,23.90876,17.242598,51.22671,69.28522,52.87074,46.837055,42.286186,51.12192,54.01682,54.27913;
R:79.887184,96.24073,90.67404,90.12347,87.037384,53.781918,-6.25058,-61.344574,13.735785,8.220764,13.187379,27.510061,24.05716,
T:22,04,50
Label:WearShoes
Ax:-2.8383262,-2.5366566,-2.4121583,-2.5127146,-2.1823149,-1.7369933,-3.204639,-2.8119898,-2.3594859,-2.0913353,-1.9788077,-2.019509,-2.136825;
Ay:-7.631967,-7.4476132,-7.5481696,-7.691822,-7.847445,-7.880964,-7.3302975,-7.2465005,-7.4356422,-7.6750627,-8.144326,-8.060529,-8.060529;
Az:5.591658,5.567716,5.673061,5.345055,5.6060233,5.8334723,5.2875943,5.6826377,5.6347537,5.42167,5.2301335,5.151125,5.007473;
Gx:-0.27623102,0.041599255,0.11192893,-0.009277532,0.65242,-0.8984242,-0.2605191,0.20156185,0.3230676,0.3043629,-0.0026934769;
Gy:0.097862996,0.23852235,0.12509704,-0.01316811,-0.13796587,0.36062664,0.3887585,0.21577743,0.07032967,-0.29104513,-0.022894554;
Gz:0.12749124,0.049829323,0.11252748,-0.21742344,0.31004912,-0.3429694,0.082300685,0.06075287,-0.087538,-0.18136078,-0.19003975;
Y:176.58195,176.56377,177.06047,174.69054,178.76611,-176.12085,169.22345,174.39305,178.53593,-179.35193,-178.8247,-179.62526,178.32542;
P:50.59186,50.596313,50.7615,52.48093,52.526405,52.32055,49.853268,48.81572,50.59489,52.86945,55.52621,55.53376,55.963654;
R:26.912354,24.494055,23.034964,25.178255,21.269987,16.581594,31.21869,26.327991,22.720919,21.093441,20.724009,21.407764,23.109264,
