T:22,29,45

T:22,29,45

T:22,29,45

T:22,29,45

T:22,29,46

T:22,29,46

T:22,29,46

T:22,29,47

T:22,29,47

T:22,29,48

T:22,29,48

T:22,29,49

T:22,29,51

T:22,29,52

T:22,29,53

T:22,29,54

T:22,29,55

T:22,29,56

T:22,29,57

T:22,29,58

T:22,29,59

T:22,30,00

T:22,30,01

T:22,30,02

T:22,30,03

T:22,30,04

T:22,30,05

T:22,30,06

T:22,30,08

T:22,30,08

T:22,30,10

T:22,30,10

T:22,30,12

T:22,30,13

T:22,30,13

T:22,30,14

T:22,30,16

T:22,30,17

T:22,30,18

T:22,30,19

T:22,30,20

T:22,30,21

T:22,30,22

T:22,30,23

T:22,30,24

T:22,30,25

T:22,30,26

T:22,30,27

T:22,30,28

T:22,30,29

T:22,30,31

T:22,30,31

T:22,30,32

T:22,30,33

T:22,30,35

T:22,30,36

T:22,30,37

T:22,30,38

T:22,30,39

T:22,30,40

T:22,30,41

T:22,30,42

T:22,30,43

T:22,30,44

T:22,30,45

T:22,30,46

T:22,30,47

T:22,30,48

T:22,30,49

T:22,30,50

T:22,30,51

T:22,30,52

T:22,30,53

T:22,30,54

T:22,30,55

T:22,30,56

T:22,30,57

T:22,30,59

T:22,30,59

T:22,31,00

T:22,31,02

T:22,31,03

T:22,31,03

T:22,31,05

T:22,31,06

T:22,31,07

T:22,31,08

T:22,31,09

T:22,31,10

T:22,31,11

T:22,31,12

T:22,31,13

T:22,31,14

T:22,31,15

T:22,31,16

T:22,31,18

T:22,31,18

T:22,31,20

T:22,31,21

T:22,31,21

T:22,31,22

T:22,31,23

T:22,31,24

T:22,31,25

T:22,31,26

T:22,31,28

T:22,31,29

T:22,31,30

T:22,31,31

T:22,31,32

T:22,31,33

T:22,31,34

T:22,31,35

T:22,31,36

T:22,31,37

T:22,31,38

T:22,31,39

T:22,31,40

T:22,31,41

T:22,31,42

T:22,31,43

T:22,31,45

T:22,31,45

T:22,31,46

T:22,31,47

T:22,31,48

T:22,31,49

T:22,31,50

T:22,31,51

T:22,31,52

T:22,31,53

T:22,31,55

T:22,31,56

T:22,31,57

T:22,31,58

T:22,31,59

T:22,32,00

T:22,32,01

T:22,32,02

T:22,32,03

T:22,32,04

T:22,32,05

T:22,32,06

T:22,32,07

T:22,32,09

T:22,32,09

T:22,32,10

T:22,32,12

T:22,32,13

T:22,32,13

T:22,32,14

T:22,32,16

T:22,32,16

T:22,32,17

T:22,32,19

T:22,32,19

T:22,32,20

T:22,32,22

T:22,32,22

T:22,32,23

T:22,32,25

T:22,32,27

T:22,32,27

T:22,32,28

T:22,32,29

T:22,32,30

T:22,32,31

T:22,32,32

T:22,32,33

T:22,32,34

T:22,32,35

T:22,32,36

T:22,32,37

T:22,32,39

T:22,32,39

T:22,32,40

T:22,32,41

T:22,32,43

T:22,32,43

T:22,32,44

T:22,32,45

T:22,32,46

T:22,32,47

T:22,32,49

T:22,32,50

T:22,32,51

T:22,32,52

T:22,32,53

T:22,32,54

T:22,32,55

T:22,32,56

T:22,32,57

T:22,32,58

T:22,32,59

T:22,33,00

T:22,33,01

T:22,33,02

T:22,33,03

T:22,33,05

T:22,33,06

T:22,33,06

T:22,33,07

T:22,33,08

T:22,33,10

T:22,33,10

T:22,33,11

T:22,33,13

T:22,33,13

T:22,33,14

T:22,33,16

T:22,33,17

T:22,33,18

T:22,33,19

T:22,33,20

T:22,33,21

T:22,33,22

T:22,33,23

T:22,33,24

T:22,33,25

T:22,33,26

T:22,33,27

T:22,33,28

T:22,33,29

T:22,33,31

T:22,33,31

T:22,33,32

T:22,33,33

T:22,33,34

T:22,33,35

T:22,33,36

T:22,33,37

T:22,33,39

T:22,33,40

T:22,33,41

T:22,33,42

T:22,33,43

T:22,33,44

T:22,33,46

T:22,33,46

T:22,33,47

T:22,33,48

T:22,33,50

T:22,33,50

T:22,33,51

T:22,33,52

T:22,33,53

T:22,33,54

T:22,33,55

T:22,33,57

T:22,33,57

T:22,33,58

T:22,33,59

T:22,34,00

T:22,34,01

T:22,34,02

T:22,34,04

T:22,34,05

T:22,34,06

T:22,34,07

T:22,34,07

T:22,34,09

T:22,34,10

T:22,34,11

T:22,34,12

T:22,34,13

T:22,34,14

T:22,34,15

T:22,34,16

T:22,34,17

T:22,34,18

T:22,34,19

T:22,34,20

T:22,34,21

T:22,34,22
Label:Other
Ax:-0.7053917,-0.65750766,-0.57610476,-0.5832874,-0.8298902,-1.0549451,-0.99030167,-1.0262147,-1.1148002,-0.5138555,-0.20260932,-0.293589,-0.3007716;
Ay:-4.1653123,-4.3783965,-4.2275615,-4.18686,-4.2538977,-4.32333,-4.2730513,-4.466982,-3.5643678,-4.742315,-4.9841294,-5.113416,-5.101445;
Az:8.807819,8.788666,8.8150015,8.826973,8.757541,8.774301,8.589947,8.973019,8.475025,8.372074,8.738387,8.575582,8.216452;
Gx:-0.14185645,-0.0923264,-0.011522096,-0.0134673845,-0.39639002,-0.25558102,-0.27263972,-0.35239655,0.24959552,0.45534724,0.30421326;
Gy:0.048632223,-0.111779295,0.065541275,0.11342531,0.008230069,0.04683657,-0.14963761,0.76419926,-0.42302552,-0.4185364,-0.10908581;
Gz:-0.02932897,-0.023044191,0.01616086,0.03187281,8.9782564E-4,-0.18330607,0.20021512,-0.29149407,-0.39893386,0.08439561,-0.20260932;
Y:-165.92744,-165.60175,-164.86916,-164.91826,-166.95886,-169.217,-170.02693,-170.83234,-172.13225,-170.16292,-169.6613,-171.86653,-173.8532;
P:25.239254,26.41811,25.574202,25.327888,25.807234,26.068031,26.29742,26.316982,22.635216,29.482973,29.69259,30.791862,31.818205;
R:4.5788736,4.2785063,3.7392502,3.7806156,5.4133506,6.8558345,6.5763755,6.5243826,7.4936337,3.5122554,1.328229,1.9607815,2.0964344,
T:22,34,23
Label:Other
Ax:-0.36780924,-0.26485857,-0.293589,-0.3151368,-0.3079542,-0.614412,-0.5090671,-0.530615,-0.4683657,-0.3510498,-0.4563947,0.31932664,0.28580782;
Ay:-4.8979383,-5.510854,-5.2786164,-5.1421466,-5.111022,-5.005677,-4.9601874,-4.917092,-5.003283,-5.1517234,-4.6776714,-4.6513352,-5.051167;
Az:8.506149,8.254759,8.412776,8.211663,8.427141,8.333767,8.350527,8.463054,8.417564,8.613889,8.48939,8.5444565,8.522909;
Gx:0.20964229,0.32680854,0.31648353,0.25617957,0.2160767,0.016759412,-0.025139118,0.039055414,0.13631986,0.02064999,0.78200614;
Gy:0.17298107,-0.42721537,-0.092176765,0.039504327,0.047584757,0.072574235,0.07796119,-0.03755904,-0.20994157,0.21218613,0.15592238;
Gz:0.13227965,-0.11043255,0.11222821,-0.094570965,0.10339958,-0.049829323,0.039055414,-0.023642741,0.15741876,0.002244564,0.009427169;
Y:-176.08131,-177.54546,-179.36049,179.14821,178.3397,175.71643,176.05014,176.00728,176.66174,177.73416,177.45364,-176.99231,-176.5539;
P:29.910692,33.71335,32.090614,32.03585,31.219667,30.92263,30.663544,30.108082,30.68778,30.861517,28.819921,28.545704,30.639303;
R:2.4759495,1.8377368,1.9986967,2.197746,2.0928364,4.2165375,3.4885638,3.5876238,3.184738,2.3337367,3.0772932,-2.1402833,-1.9206408,
T:22,34,24
Label:Other
Ax:-0.4611831,-0.3486556,-0.48033673,-0.4563947,-0.5928642,-0.4707599,-0.49230772,-0.26007015,-0.22894554,-0.1882441,-0.082899235,-0.24570495,-0.24570495;
Ay:-4.5603557,-4.3305125,-4.574721,-4.493318,-4.4119153,-4.455011,-4.574721,-4.2922053,-4.469376,-4.4119153,-4.4981065,-4.6417584,-4.4741645;
Az:8.367286,8.661773,8.561216,8.661773,8.573188,8.637831,8.570793,8.680926,8.690503,8.628254,8.594735,8.628254,8.635437;
Gx:-0.3652654,-0.1436521,-0.23388357,-0.23433249,-0.42841247,-0.28221652,-0.020500353,0.020500353,0.041449618,0.1285387,-0.06015432,-0.037409402;
Gy:0.253935,0.36616322,0.0055365916,0.124648124,0.23418285,0.18435353,0.295235,0.07347207,0.13272856,0.049679685,-0.07511808,0.109834;
Gz:-0.17582418,0.055365913,-0.10654198,0.013317747,-0.061501056,0.0,0.016759412,0.0031423897,-0.05865794,-0.0911293,-0.04818331,-0.03127426;
Y:179.54344,-179.03462,-179.21306,-178.04486,-177.60205,-175.44006,-174.43584,-172.28406,-171.90869,-171.45558,-170.65099,-171.49898,-171.36964;
P:28.55486,26.544527,28.080591,27.385696,27.175589,27.248081,28.0522,26.299465,27.207897,27.076656,27.62449,28.269314,27.379963;
R:3.1548028,2.3050382,3.211278,3.0161643,3.955894,3.1195214,3.2874665,1.7159996,1.5090702,1.2498336,0.55262077,1.6311588,1.6298028,
T:22,34,25
Label:Other
Ax:-0.27204117,-0.22415714,-0.23852235,-0.28401217,-0.28401217,-0.26485857,-0.24570495,-0.3462614,-0.23133974,-0.3007716,-0.28401217,-0.317531,-0.21458033;
Ay:-4.4238863,-4.445434,-4.4238863,-4.5459905,-4.5364137,-4.445434,-4.4238863,-4.529231,-4.4621935,-4.5244427,-4.4861355,-4.505289,-4.3999443;
Az:8.613889,8.697686,8.594735,8.676138,8.678533,8.661773,8.59713,8.666561,8.635437,8.633042,8.702475,8.709657,8.645014;
Gx:0.019452889,0.011222821,-0.035314474,-0.020799628,0.007631518,0.018854339,0.03441665,-0.047584757,-0.032172084,-0.069731124,0.04563947;
Gy:0.10923545,0.12898761,0.0047884034,0.010324995,0.09202713,0.108337626,0.078410104,0.016759412,0.05940613,0.042945992,0.14963761;
Gz:0.0163105,-0.08738836,-0.0070329676,-0.0062847794,-0.027682956,-0.09531915,-0.05267244,-0.055066638,0.016609775,0.025139118,-0.038456865;
Y:-171.41779,-170.96193,-170.95966,-171.20737,-171.20831,-171.1576,-171.22566,-172.0004,-171.47437,-171.94685,-171.7714,-171.91206,-171.26112;
P:27.17234,27.064112,27.226837,27.640343,27.584232,27.15713,27.219797,27.573261,27.318396,27.644049,27.258736,27.335876,26.967024;
R:1.8088964,1.4763025,1.5896728,1.8748997,1.8743827,1.7514372,1.6370609,2.2879632,1.5345628,1.9953539,1.8692298,2.0879273,1.4218628,
T:22,34,26
Label:Other
Ax:-0.2959832,-0.21458033,-0.2983774,-0.28880057,-0.35583824,-0.26964697,-0.26964697,-0.22176293,-0.2959832,-0.3151368,-0.23612814,-0.3031658,-0.341473;
Ay:-4.5220485,-4.589086,-4.3640313,-4.493318,-4.4717703,-4.3903675,-4.4885297,-4.4957123,-4.4526167,-4.445434,-4.493318,-4.4861355,-4.478953;
Az:8.67135,8.704868,8.601918,8.673744,8.642619,8.649802,8.616283,8.664167,8.640225,8.685715,8.546851,8.594735,8.652196;
Gx:-0.050278235,-0.046686932,-0.026934769,-0.098461546,1.496376E-4,-0.0032920274,0.05117606,-0.04623802,0.039205052,-0.03172317,-0.05805939;
Gy:0.031573534,0.19393034,0.05566519,0.081103586,0.15682021,0.060453594,0.053420626,0.11043255,0.057161566,0.07287352,0.079008654;
Gz:-0.0104746325,-0.07736264,-0.010025719,-0.03935469,-0.034715924,-0.067336924,-0.019153614,0.0058358666,-0.13572131,-0.083497785,-0.026186582;
Y:-171.70296,-171.20624,-171.78242,-172.04225,-172.6864,-172.17894,-172.06357,-171.56316,-171.76259,-171.66,-171.26196,-171.88887,-172.48715;
P:27.528055,27.790398,26.886257,27.372854,27.33766,26.899689,27.505127,27.416483,27.24999,27.088528,27.723154,27.548292,27.350893;
R:1.9549444,1.41209,1.98664,1.9070129,2.357679,1.7855474,1.792489,1.4661889,1.961981,2.0779052,1.5825367,2.0201812,2.2600982,
T:22,34,27
Label:Other
Ax:-0.2911948,-0.26964697,-0.32231942,-0.341473,-0.3007716,-0.24809915,-0.26485857,-0.3438672,-0.3486556,-0.27204117,-0.3438672,-0.27922377,-0.3462614;
Ay:-4.4765587,-4.4358573,-4.610634,-4.3999443,-4.39755,-4.493318,-4.4861355,-4.4502225,-4.5340195,-4.4382515,-4.5555673,-4.526837,-4.3999443;
Az:8.652196,8.652196,8.676138,8.640225,8.613889,8.649802,8.606707,8.633042,8.678533,8.67135,8.733599,8.668956,8.688109;
Gx:-8.9782564E-4,0.022146367,-0.04743512,1.496376E-4,0.05431845,0.03561375,-0.056712653,-0.055964466,-0.045190558,0.0350152,-0.04444237;
Gy:0.07107786,0.1110311,0.1587655,0.15188217,0.045340195,0.057760116,0.09711481,0.010175358,-0.017357962,0.011522096,0.14410101;
Gz:-0.031423897,-0.03172317,-0.037409402,-0.06838439,-0.038007952,-0.07855974,-0.050727148,-0.0067336923,0.045340195,-0.018704701,0.002992752;
Y:-172.5256,-172.40677,-172.46727,-172.1916,-171.71263,-171.3017,-171.44409,-171.85123,-171.66295,-170.96954,-171.29149,-170.8831,-171.22235;
P:27.343353,27.132277,27.970497,26.968914,27.031021,27.440914,27.519089,27.252033,27.565449,27.093271,27.528984,27.5609,26.84083;
R:1.927596,1.7850536,2.1275659,2.2632263,1.9997872,1.6429437,1.762636,2.2809725,2.3005912,1.7969176,2.254737,1.8448375,2.2822943,
T:22,34,28
Label:Other
Ax:-0.27922377,-0.3031658,-0.20260932,-0.3127426,-0.26485857,-0.32710782,-0.38217443,-0.3462614,-0.25288755,-0.36541504,-0.2983774,-0.35823244,-0.26246437;
Ay:-4.478953,-4.4526167,-4.478953,-4.445434,-4.5842977,-4.445434,-4.490924,-4.5076833,-4.6297874,-4.5220485,-4.529231,-4.4885297,-4.445434;
Az:8.654591,8.647408,8.621072,8.58037,8.7192335,8.683321,8.587553,8.664167,8.661773,8.656984,8.654591,8.656984,8.67135;
Gx:0.027084406,-0.0025438394,0.10175357,0.044741645,-0.024241293,-0.07182605,-0.032172084,0.05581483,-0.06359598,-0.044741645,0.06344634;
Gy:0.057909753,0.0887351,0.06628946,-0.034715924,0.12434885,0.07272387,0.06628946,-0.05267244,0.065541275,0.07990648,0.10908581;
Gz:-0.034117375,-0.039055414,-0.063296705,0.037259765,0.011821371,-0.08693945,-0.0047884034,-0.005686229,-0.005087679,-0.014814123,-0.0073322426;
Y:-170.99715,-171.3109,-170.82309,-171.4798,-171.29927,-171.74348,-172.33522,-172.36961,-172.00903,-172.6201,-172.22777,-172.50952,-171.76305;
P:27.350456,27.229967,27.447008,27.37285,27.723093,27.09374,27.58438,27.467772,28.114717,27.55977,27.610558,27.386106,27.131647;
R:1.8478974,2.0078862,1.346297,2.0874276,1.7399021,2.1573591,2.5481699,2.2885945,1.6723222,2.4170446,1.9745588,2.36959,1.7336991,
T:22,34,29
Label:Other
Ax:-0.3366846,-0.32231942,-0.3127426,-0.2911948,-0.36541504,-0.30556,-0.2983774,-0.38456866,-0.39893386,-0.32710782,-0.3103484,-0.3103484,-0.28401217;
Ay:-4.4717703,-4.5842977,-4.433463,-4.4478283,-4.514866,-4.421492,-4.5842977,-4.5100775,-4.5076833,-4.4885297,-4.4502225,-4.4717703,-4.5364137;
Az:8.673744,8.685715,8.668956,8.649802,8.613889,8.726417,8.668956,8.692898,8.666561,8.762329,8.62586,8.649802,8.690503;
Gx:-0.020500353,0.0025438394,0.01810615,0.029777884,0.027383681,0.037110128,-0.052971713,-0.06299743,0.007631518,0.020350715,0.046686932;
Gy:0.08245032,-0.026485857,0.13467385,0.12524667,0.14230536,-0.029478608,0.053420626,0.05192425,0.07047931,0.10788871,0.022894554;
Gz:-0.0055365916,0.008678981,-0.0023942017,-0.019303251,0.052822076,-0.009277532,0.019153614,-0.009127894,0.0863409,-0.050876785,0.014514848;
Y:-172.06206,-172.00243,-171.89978,-171.67992,-172.10143,-171.8343,-172.0565,-172.47256,-172.33727,-171.76318,-171.79472,-172.01843,-172.11473;
P:27.255917,27.808706,27.070934,27.199558,27.639566,26.856228,27.856667,27.398441,27.455194,27.107746,27.274853,27.323004,27.551868;
R:2.2229073,2.1252222,2.0661154,1.9281291,2.429123,2.005422,1.9712893,2.5330799,2.635544,2.1379244,2.0605464,2.054848,1.8718029,
T:22,34,30
Label:Other
Ax:-0.32231942,-0.26485857,-0.38696286,-0.3390788,-0.27443537,-0.32471362,-0.19542672,-0.35823244,-0.30556,-0.33189622,-0.32471362,-0.23373394,-0.27443537;
Ay:-4.4286747,-4.56275,-4.478953,-4.5076833,-4.5364137,-4.5364137,-4.6321816,-4.574721,-4.5938745,-4.56275,-4.5603557,-4.5483847,-4.6034513;
Az:8.618677,8.604312,8.582765,8.630649,8.568399,8.594735,8.712051,8.647408,8.661773,8.633042,8.704868,8.661773,8.554034;
Gx:-0.0034416649,0.057909753,-0.06539164,-0.020051438,0.04563947,0.10699089,-0.0815525,-0.0077811554,-0.037110128,-0.029478608,0.056114104;
Gy:0.13946225,-0.0037409402,0.08888474,0.06808511,0.0525228,-0.02064999,0.052822076,0.026635494,0.066738375,0.0688333,0.07885902;
Gz:-0.05312135,-0.07212532,-0.08903438,-0.037110128,-0.0923264,0.06254852,0.005686229,0.017058687,-0.0070329676,0.06464344,0.020350715;
Y:-172.388,-172.00232,-172.63261,-172.27061,-171.81862,-172.03165,-171.31084,-172.39601,-172.00342,-171.93005,-171.8739,-171.57832,-172.19948;
P:27.179922,27.925173,27.534147,27.559393,27.886183,27.808817,27.993523,27.859795,27.925028,27.839947,27.633026,27.69584,28.275126;
R:2.141737,1.7631263,2.5814915,2.2498653,1.8344868,2.1636355,1.2850301,2.3722112,2.0203764,2.2016447,2.1362872,1.5457251,1.8375653,
